200000 100000
483 714
542 460
377 988
922 63
847 157
582 1
610 140
575 292
581 547
879 369
509 967
514 653
313 594
173 887
194 129
143 296
871 462
293 766
975 714
525 101
594 961
933 98
13 273
734 57
953 135
820 462
341 545
315 813
108 913
584 310
961 565
684 617
526 906
983 317
627 928
422 376
512 932
724 836
479 75
236 836
796 857
536 715
769 260
573 451
918 998
150 687
676 139
909 446
478 532
27 526
384 505
867 654
807 471
51 862
909 811
131 467
500 758
977 716
418 701
767 182
508 524
723 563
151 240
513 207
64 997
485 240
186 180
621 861
982 308
995 46
779 856
273 574
185 308
134 615
204 816
384 1000
213 510
62 380
15 605
6 777
352 286
895 96
555 415
213 524
281 738
446 487
930 83
819 828
977 624
722 45
547 687
616 894
425 126
378 734
44 496
399 242
307 159
787 784
378 849
804 344
810 618
226 341
618 709
313 614
847 146
801 790
631 689
780 900
957 680
652 167
111 321
781 293
900 781
98 534
890 763
581 321
220 69
644 546
531 499
447 407
612 130
878 468
596 938
208 888
571 385
689 942
157 119
401 106
685 185
742 155
885 810
648 324
988 793
276 869
857 808
93 719
797 619
71 729
436 499
381 69
168 238
609 403
647 15
383 807
166 7
440 767
805 131
528 206
289 420
367 781
694 202
302 587
847 185
40 553
953 278
341 836
407 819
158 593
889 772
325 835
379 363
271 165
198 750
808 48
783 877
5 51
277 684
210 632
571 205
668 375
287 867
693 492
822 402
282 930
257 156
672 222
11 596
153 497
454 713
137 658
852 987
407 555
708 467
533 294
705 392
718 329
950 786
136 608
698 475
127 315
134 384
379 931
5 435
144 92
533 517
319 488
762 105
888 553
16 377
561 520
773 36
303 475
360 541
496 326
937 904
666 700
627 126
584 801
499 676
699 140
631 115
522 227
960 207
594 867
759 900
157 675
504 302
932 236
81 860
365 754
184 701
616 110
468 43
950 986
684 81
220 962
476 397
671 254
497 130
698 240
545 476
143 845
610 775
103 916
360 213
271 110
830 839
499 341
926 643
447 843
305 227
921 571
258 897
913 322
760 638
783 540
634 760
751 555
746 465
973 839
591 460
227 699
38 765
744 319
520 928
639 809
254 399
382 863
979 605
583 188
549 515
658 187
818 179
116 704
568 465
352 350
993 989
7 642
470 631
82 737
919 277
216 296
403 71
136 674
489 522
755 551
747 750
156 60
411 656
91 69
301 981
585 293
532 992
148 16
684 329
968 651
880 834
40 933
838 673
220 481
851 930
687 458
732 642
276 157
676 662
469 291
155 102
675 188
812 458
124 868
699 873
674 938
716 163
397 650
467 276
346 960
529 536
560 781
634 541
50 691
569 910
601 417
600 841
106 701
136 353
60 1000
85 727
327 440
327 283
615 716
706 276
139 771
760 664
618 760
349 194
403 166
459 787
62 691
671 643
596 111
17 627
418 491
108 38
552 556
632 955
377 713
502 611
980 331
634 844
173 596
176 349
157 281
840 869
629 14
142 547
135 191
370 619
74 636
557 525
728 217
956 964
575 23
689 652
542 35
54 346
103 662
552 26
548 632
688 448
551 497
499 419
403 723
81 428
876 911
462 332
972 512
33 434
258 528
425 852
236 468
791 744
604 805
902 153
52 947
813 469
51 269
839 503
735 861
40 684
604 329
564 643
339 145
499 845
214 654
290 482
282 788
616 336
761 170
965 871
84 827
947 608
74 292
524 403
724 271
189 867
266 589
507 200
259 816
141 99
825 688
729 378
845 120
975 240
438 44
442 22
235 768
381 642
954 444
94 92
735 408
169 697
146 818
340 56
29 726
686 18
761 259
176 120
49 820
198 301
503 858
992 539
996 206
200 531
559 747
120 850
2 542
913 732
272 283
291 800
603 630
31 719
524 287
327 156
79 722
158 81
260 656
588 833
254 114
740 824
824 790
796 119
817 488
831 507
382 54
437 123
945 482
590 516
849 885
65 79
437 99
123 715
772 754
822 346
647 937
679 566
424 278
777 36
247 288
549 172
627 567
9 983
446 828
574 925
385 951
711 983
263 235
305 638
445 29
142 750
204 19
77 683
967 416
705 670
562 535
868 318
446 155
554 547
631 452
174 146
976 71
297 334
127 267
574 551
110 948
878 283
64 484
16 571
131 318
392 714
47 62
543 495
969 474
531 678
517 468
145 205
10 605
393 815
102 172
280 430
840 366
904 514
490 442
67 197
130 532
688 222
398 504
550 36
857 512
927 151
344 780
8 948
863 144
4 752
916 870
393 672
104 571
935 582
823 963
847 68
750 863
932 750
547 918
34 643
564 175
309 874
403 681
702 58
932 494
364 94
799 759
917 790
285 585
896 97
173 727
551 100
896 642
716 558
716 59
601 551
315 926
567 996
7 989
108 307
97 728
954 631
353 442
987 235
192 98
609 793
271 150
696 519
284 921
635 865
535 553
633 742
162 892
25 915
564 203
223 801
73 251
31 480
726 560
721 700
536 498
797 737
233 826
927 359
404 92
382 203
187 217
654 829
590 835
128 307
881 248
187 504
744 878
407 536
976 313
189 642
710 374
659 82
886 197
865 165
557 61
538 218
499 512
216 492
770 681
495 487
137 31
700 492
221 656
337 317
160 235
708 802
603 881
811 190
357 84
553 351
656 698
52 448
720 881
187 307
239 824
304 226
256 897
770 177
437 514
309 248
96 652
299 935
180 980
84 433
198 893
790 24
122 992
619 532
16 635
735 295
993 612
553 56
355 965
354 447
203 154
361 355
604 204
462 561
211 102
203 221
751 584
117 19
310 116
172 59
708 323
523 200
432 725
96 195
213 191
129 825
736 218
908 1
164 315
103 41
323 120
818 131
901 648
80 478
987 346
522 398
831 214
655 195
601 148
594 14
877 429
431 903
98 762
808 163
44 740
236 15
365 632
573 961
7 886
52 667
720 753
967 130
703 942
338 106
82 141
558 978
407 707
858 318
703 617
91 425
33 247
902 270
391 748
664 354
78 673
81 625
218 49
841 9
621 924
874 592
352 137
527 982
734 210
855 219
728 444
348 918
847 351
447 681
571 896
691 817
807 646
775 578
640 629
331 303
372 435
744 979
472 651
435 890
502 169
580 94
950 204
590 198
403 227
238 938
322 175
294 73
381 82
297 280
889 47
206 71
648 507
725 831
861 467
90 934
352 319
322 241
832 767
85 500
179 823
736 51
264 531
285 289
198 375
675 272
782 520
39 740
84 7
427 746
721 22
50 530
407 365
344 777
640 189
6 544
160 580
708 757
752 915
434 321
162 521
21 199
955 565
270 873
773 844
337 907
380 70
217 646
527 889
411 909
595 176
184 413
866 105
505 454
88 273
953 220
968 783
293 721
194 724
152 548
811 105
499 548
499 533
725 526
904 707
176 785
435 811
893 110
73 319
280 701
562 642
764 739
246 632
868 599
726 118
877 628
633 533
802 9
132 904
788 734
474 153
120 698
7 849
60 89
664 663
895 987
181 695
308 247
776 158
705 372
480 16
48 88
343 98
823 781
656 734
531 165
433 239
490 785
630 258
985 926
874 659
667 280
500 366
425 327
624 259
700 85
140 328
661 35
887 154
12 252
58 206
908 200
98 327
462 403
730 350
207 882
100 256
719 397
660 216
412 644
714 411
422 676
256 520
305 967
979 278
676 549
795 150
547 829
847 544
374 683
765 260
880 371
431 86
398 136
647 130
725 814
550 611
642 239
284 707
844 687
946 181
28 102
362 966
528 37
485 160
195 494
399 512
905 178
289 609
86 32
987 911
920 146
958 928
558 97
630 832
362 614
982 298
374 975
147 961
914 27
528 981
731 510
518 456
573 506
589 663
114 747
67 823
308 336
50 186
276 499
256 442
235 903
815 357
787 929
723 469
731 219
617 736
918 586
214 724
592 469
600 691
165 592
807 876
397 815
475 140
697 442
297 29
375 945
89 924
936 217
992 720
617 115
779 270
154 742
857 92
528 782
291 21
654 902
136 347
753 930
50 723
168 172
653 313
256 782
836 977
670 35
123 862
948 567
503 4
936 497
24 977
440 873
595 920
655 569
656 842
750 669
453 1000
720 927
944 243
607 342
629 303
21 15
423 236
888 850
53 705
44 738
957 985
990 675
572 998
854 349
757 138
543 908
931 731
535 48
419 516
341 65
428 385
125 908
621 1
965 391
591 655
516 554
691 348
989 352
371 452
273 731
933 380
287 520
276 584
228 387
302 117
687 997
612 786
937 359
968 789
954 309
974 47
265 975
77 742
423 982
281 21
947 355
759 788
644 681
409 66
94 600
185 164
372 719
862 189
794 144
254 38
394 567
350 271
324 193
437 863
660 111
86 28
450 599
563 70
810 152
557 993
450 410
396 287
289 601
556 638
321 101
837 640
89 809
132 508
416 655
940 80
339 141
710 876
103 858
93 406
116 519
394 771
760 10
831 932
483 714
542 460
377 988
922 63
847 157
582 1
610 140
575 292
581 547
879 369
509 967
514 653
313 594
173 887
194 129
143 296
871 462
293 766
975 714
525 101
594 961
933 98
13 273
734 57
953 135
820 462
341 545
315 813
108 913
584 310
961 565
684 617
526 906
983 317
627 928
422 376
512 932
724 836
479 75
236 836
796 857
536 715
769 260
573 451
918 998
150 687
676 139
909 446
478 532
27 526
384 505
867 654
807 471
51 862
909 811
131 467
500 758
977 716
418 701
767 182
508 524
723 563
151 240
513 207
64 997
485 240
186 180
621 861
982 308
995 46
779 856
273 574
185 308
134 615
204 816
384 1000
213 510
62 380
15 605
6 777
352 286
895 96
555 415
213 524
281 738
446 487
930 83
819 828
977 624
722 45
547 687
616 894
425 126
378 734
44 496
399 242
307 159
787 784
378 849
804 344
810 618
226 341
618 709
313 614
847 146
801 790
631 689
780 900
957 680
652 167
111 321
781 293
900 781
98 534
890 763
581 321
220 69
644 546
531 499
447 407
612 130
878 468
596 938
208 888
571 385
689 942
157 119
401 106
685 185
742 155
885 810
648 324
988 793
276 869
857 808
93 719
797 619
71 729
436 499
381 69
168 238
609 403
647 15
383 807
166 7
440 767
805 131
528 206
289 420
367 781
694 202
302 587
847 185
40 553
953 278
341 836
407 819
158 593
889 772
325 835
379 363
271 165
198 750
808 48
783 877
5 51
277 684
210 632
571 205
668 375
287 867
693 492
822 402
282 930
257 156
672 222
11 596
153 497
454 713
137 658
852 987
407 555
708 467
533 294
705 392
718 329
950 786
136 608
698 475
127 315
134 384
379 931
5 435
144 92
533 517
319 488
762 105
888 553
16 377
561 520
773 36
303 475
360 541
496 326
937 904
666 700
627 126
584 801
499 676
699 140
631 115
522 227
960 207
594 867
759 900
157 675
504 302
932 236
81 860
365 754
184 701
616 110
468 43
950 986
684 81
220 962
476 397
671 254
497 130
698 240
545 476
143 845
610 775
103 916
360 213
271 110
830 839
499 341
926 643
447 843
305 227
921 571
258 897
913 322
760 638
783 540
634 760
751 555
746 465
973 839
591 460
227 699
38 765
744 319
520 928
639 809
254 399
382 863
979 605
583 188
549 515
658 187
818 179
116 704
568 465
352 350
993 989
7 642
470 631
82 737
919 277
216 296
403 71
136 674
489 522
755 551
747 750
156 60
411 656
91 69
301 981
585 293
532 992
148 16
684 329
968 651
880 834
40 933
838 673
220 481
851 930
687 458
732 642
276 157
676 662
469 291
155 102
675 188
812 458
124 868
699 873
674 938
716 163
397 650
467 276
346 960
529 536
560 781
634 541
50 691
569 910
601 417
600 841
106 701
136 353
60 1000
85 727
327 440
327 283
615 716
706 276
139 771
760 664
618 760
349 194
403 166
459 787
62 691
671 643
596 111
17 627
418 491
108 38
552 556
632 955
377 713
502 611
980 331
634 844
173 596
176 349
157 281
840 869
629 14
142 547
135 191
370 619
74 636
557 525
728 217
956 964
575 23
689 652
542 35
54 346
103 662
552 26
548 632
688 448
551 497
499 419
403 723
81 428
876 911
462 332
972 512
33 434
258 528
425 852
236 468
791 744
604 805
902 153
52 947
813 469
51 269
839 503
735 861
40 684
604 329
564 643
339 145
499 845
214 654
290 482
282 788
616 336
761 170
965 871
84 827
947 608
74 292
524 403
724 271
189 867
266 589
507 200
259 816
141 99
825 688
729 378
845 120
975 240
438 44
442 22
235 768
381 642
954 444
94 92
735 408
169 697
146 818
340 56
29 726
686 18
761 259
176 120
49 820
198 301
503 858
992 539
996 206
200 531
559 747
120 850
2 542
913 732
272 283
291 800
603 630
31 719
524 287
327 156
79 722
158 81
260 656
588 833
254 114
740 824
824 790
796 119
817 488
831 507
382 54
437 123
945 482
590 516
849 885
65 79
437 99
123 715
772 754
822 346
647 937
679 566
424 278
777 36
247 288
549 172
627 567
9 983
446 828
574 925
385 951
711 983
263 235
305 638
445 29
142 750
204 19
77 683
967 416
705 670
562 535
868 318
446 155
554 547
631 452
174 146
976 71
297 334
127 267
574 551
110 948
878 283
64 484
16 571
131 318
392 714
47 62
543 495
969 474
531 678
517 468
145 205
10 605
393 815
102 172
280 430
840 366
904 514
490 442
67 197
130 532
688 222
398 504
550 36
857 512
927 151
344 780
8 948
863 144
4 752
916 870
393 672
104 571
935 582
823 963
847 68
750 863
932 750
547 918
34 643
564 175
309 874
403 681
702 58
932 494
364 94
799 759
917 790
285 585
896 97
173 727
551 100
896 642
716 558
716 59
601 551
315 926
567 996
7 989
108 307
97 728
954 631
353 442
987 235
192 98
609 793
271 150
696 519
284 921
635 865
535 553
633 742
162 892
25 915
564 203
223 801
73 251
31 480
726 560
721 700
536 498
797 737
233 826
927 359
404 92
382 203
187 217
654 829
590 835
128 307
881 248
187 504
744 878
407 536
976 313
189 642
710 374
659 82
886 197
865 165
557 61
538 218
499 512
216 492
770 681
495 487
137 31
700 492
221 656
337 317
160 235
708 802
603 881
811 190
357 84
553 351
656 698
52 448
720 881
187 307
239 824
304 226
256 897
770 177
437 514
309 248
96 652
299 935
180 980
84 433
198 893
790 24
122 992
619 532
16 635
735 295
993 612
553 56
355 965
354 447
203 154
361 355
604 204
462 561
211 102
203 221
751 584
117 19
310 116
172 59
708 323
523 200
432 725
96 195
213 191
129 825
736 218
908 1
164 315
103 41
323 120
818 131
901 648
80 478
987 346
522 398
831 214
655 195
601 148
594 14
877 429
431 903
98 762
808 163
44 740
236 15
365 632
573 961
7 886
52 667
720 753
967 130
703 942
338 106
82 141
558 978
407 707
858 318
703 617
91 425
33 247
902 270
391 748
664 354
78 673
81 625
218 49
841 9
621 924
874 592
352 137
527 982
734 210
855 219
728 444
348 918
847 351
447 681
571 896
691 817
807 646
775 578
640 629
331 303
372 435
744 979
472 651
435 890
502 169
580 94
950 204
590 198
403 227
238 938
322 175
294 73
381 82
297 280
889 47
206 71
648 507
725 831
861 467
90 934
352 319
322 241
832 767
85 500
179 823
736 51
264 531
285 289
198 375
675 272
782 520
39 740
84 7
427 746
721 22
50 530
407 365
344 777
640 189
6 544
160 580
708 757
752 915
434 321
162 521
21 199
955 565
270 873
773 844
337 907
380 70
217 646
527 889
411 909
595 176
184 413
866 105
505 454
88 273
953 220
968 783
293 721
194 724
152 548
811 105
499 548
499 533
725 526
904 707
176 785
435 811
893 110
73 319
280 701
562 642
764 739
246 632
868 599
726 118
877 628
633 533
802 9
132 904
788 734
474 153
120 698
7 849
60 89
664 663
895 987
181 695
308 247
776 158
705 372
480 16
48 88
343 98
823 781
656 734
531 165
433 239
490 785
630 258
985 926
874 659
667 280
500 366
425 327
624 259
700 85
140 328
661 35
887 154
12 252
58 206
908 200
98 327
462 403
730 350
207 882
100 256
719 397
660 216
412 644
714 411
422 676
256 520
305 967
979 278
676 549
795 150
547 829
847 544
374 683
765 260
880 371
431 86
398 136
647 130
725 814
550 611
642 239
284 707
844 687
946 181
28 102
362 966
528 37
485 160
195 494
399 512
905 178
289 609
86 32
987 911
920 146
958 928
558 97
630 832
362 614
982 298
374 975
147 961
914 27
528 981
731 510
518 456
573 506
589 663
114 747
67 823
308 336
50 186
276 499
256 442
235 903
815 357
787 929
723 469
731 219
617 736
918 586
214 724
592 469
600 691
165 592
807 876
397 815
475 140
697 442
297 29
375 945
89 924
936 217
992 720
617 115
779 270
154 742
857 92
528 782
291 21
654 902
136 347
753 930
50 723
168 172
653 313
256 782
836 977
670 35
123 862
948 567
503 4
936 497
24 977
440 873
595 920
655 569
656 842
750 669
453 1000
720 927
944 243
607 342
629 303
21 15
423 236
888 850
53 705
44 738
957 985
990 675
572 998
854 349
757 138
543 908
931 731
535 48
419 516
341 65
428 385
125 908
621 1
965 391
591 655
516 554
691 348
989 352
371 452
273 731
933 380
287 520
276 584
228 387
302 117
687 997
612 786
937 359
968 789
954 309
974 47
265 975
77 742
423 982
281 21
947 355
759 788
644 681
409 66
94 600
185 164
372 719
862 189
794 144
254 38
394 567
350 271
324 193
437 863
660 111
86 28
450 599
563 70
810 152
557 993
450 410
396 287
289 601
556 638
321 101
837 640
89 809
132 508
416 655
940 80
339 141
710 876
103 858
93 406
116 519
394 771
760 10
831 932
483 714
542 460
377 988
922 63
847 157
582 1
610 140
575 292
581 547
879 369
509 967
514 653
313 594
173 887
194 129
143 296
871 462
293 766
975 714
525 101
594 961
933 98
13 273
734 57
953 135
820 462
341 545
315 813
108 913
584 310
961 565
684 617
526 906
983 317
627 928
422 376
512 932
724 836
479 75
236 836
796 857
536 715
769 260
573 451
918 998
150 687
676 139
909 446
478 532
27 526
384 505
867 654
807 471
51 862
909 811
131 467
500 758
977 716
418 701
767 182
508 524
723 563
151 240
513 207
64 997
485 240
186 180
621 861
982 308
995 46
779 856
273 574
185 308
134 615
204 816
384 1000
213 510
62 380
15 605
6 777
352 286
895 96
555 415
213 524
281 738
446 487
930 83
819 828
977 624
722 45
547 687
616 894
425 126
378 734
44 496
399 242
307 159
787 784
378 849
804 344
810 618
226 341
618 709
313 614
847 146
801 790
631 689
780 900
957 680
652 167
111 321
781 293
900 781
98 534
890 763
581 321
220 69
644 546
531 499
447 407
612 130
878 468
596 938
208 888
571 385
689 942
157 119
401 106
685 185
742 155
885 810
648 324
988 793
276 869
857 808
93 719
797 619
71 729
436 499
381 69
168 238
609 403
647 15
383 807
166 7
440 767
805 131
528 206
289 420
367 781
694 202
302 587
847 185
40 553
953 278
341 836
407 819
158 593
889 772
325 835
379 363
271 165
198 750
808 48
783 877
5 51
277 684
210 632
571 205
668 375
287 867
693 492
822 402
282 930
257 156
672 222
11 596
153 497
454 713
137 658
852 987
407 555
708 467
533 294
705 392
718 329
950 786
136 608
698 475
127 315
134 384
379 931
5 435
144 92
533 517
319 488
762 105
888 553
16 377
561 520
773 36
303 475
360 541
496 326
937 904
666 700
627 126
584 801
499 676
699 140
631 115
522 227
960 207
594 867
759 900
157 675
504 302
932 236
81 860
365 754
184 701
616 110
468 43
950 986
684 81
220 962
476 397
671 254
497 130
698 240
545 476
143 845
610 775
103 916
360 213
271 110
830 839
499 341
926 643
447 843
305 227
921 571
258 897
913 322
760 638
783 540
634 760
751 555
746 465
973 839
591 460
227 699
38 765
744 319
520 928
639 809
254 399
382 863
979 605
583 188
549 515
658 187
818 179
116 704
568 465
352 350
993 989
7 642
470 631
82 737
919 277
216 296
403 71
136 674
489 522
755 551
747 750
156 60
411 656
91 69
301 981
585 293
532 992
148 16
684 329
968 651
880 834
40 933
838 673
220 481
851 930
687 458
732 642
276 157
676 662
469 291
155 102
675 188
812 458
124 868
699 873
674 938
716 163
397 650
467 276
346 960
529 536
560 781
634 541
50 691
569 910
601 417
600 841
106 701
136 353
60 1000
85 727
327 440
327 283
615 716
706 276
139 771
760 664
618 760
349 194
403 166
459 787
62 691
671 643
596 111
17 627
418 491
108 38
552 556
632 955
377 713
502 611
980 331
634 844
173 596
176 349
157 281
840 869
629 14
142 547
135 191
370 619
74 636
557 525
728 217
956 964
575 23
689 652
542 35
54 346
103 662
552 26
548 632
688 448
551 497
499 419
403 723
81 428
876 911
462 332
972 512
33 434
258 528
425 852
236 468
791 744
604 805
902 153
52 947
813 469
51 269
839 503
735 861
40 684
604 329
564 643
339 145
499 845
214 654
290 482
282 788
616 336
761 170
965 871
84 827
947 608
74 292
524 403
724 271
189 867
266 589
507 200
259 816
141 99
825 688
729 378
845 120
975 240
438 44
442 22
235 768
381 642
954 444
94 92
735 408
169 697
146 818
340 56
29 726
686 18
761 259
176 120
49 820
198 301
503 858
992 539
996 206
200 531
559 747
120 850
2 542
913 732
272 283
291 800
603 630
31 719
524 287
327 156
79 722
158 81
260 656
588 833
254 114
740 824
824 790
796 119
817 488
831 507
382 54
437 123
945 482
590 516
849 885
65 79
437 99
123 715
772 754
822 346
647 937
679 566
424 278
777 36
247 288
549 172
627 567
9 983
446 828
574 925
385 951
711 983
263 235
305 638
445 29
142 750
204 19
77 683
967 416
705 670
562 535
868 318
446 155
554 547
631 452
174 146
976 71
297 334
127 267
574 551
110 948
878 283
64 484
16 571
131 318
392 714
47 62
543 495
969 474
531 678
517 468
145 205
10 605
393 815
102 172
280 430
840 366
904 514
490 442
67 197
130 532
688 222
398 504
550 36
857 512
927 151
344 780
8 948
863 144
4 752
916 870
393 672
104 571
935 582
823 963
847 68
750 863
932 750
547 918
34 643
564 175
309 874
403 681
702 58
932 494
364 94
799 759
917 790
285 585
896 97
173 727
551 100
896 642
716 558
716 59
601 551
315 926
567 996
7 989
108 307
97 728
954 631
353 442
987 235
192 98
609 793
271 150
696 519
284 921
635 865
535 553
633 742
162 892
25 915
564 203
223 801
73 251
31 480
726 560
721 700
536 498
797 737
233 826
927 359
404 92
382 203
187 217
654 829
590 835
128 307
881 248
187 504
744 878
407 536
976 313
189 642
710 374
659 82
886 197
865 165
557 61
538 218
499 512
216 492
770 681
495 487
137 31
700 492
221 656
337 317
160 235
708 802
603 881
811 190
357 84
553 351
656 698
52 448
720 881
187 307
239 824
304 226
256 897
770 177
437 514
309 248
96 652
299 935
180 980
84 433
198 893
790 24
122 992
619 532
16 635
735 295
993 612
553 56
355 965
354 447
203 154
361 355
604 204
462 561
211 102
203 221
751 584
117 19
310 116
172 59
708 323
523 200
432 725
96 195
213 191
129 825
736 218
908 1
164 315
103 41
323 120
818 131
901 648
80 478
987 346
522 398
831 214
655 195
601 148
594 14
877 429
431 903
98 762
808 163
44 740
236 15
365 632
573 961
7 886
52 667
720 753
967 130
703 942
338 106
82 141
558 978
407 707
858 318
703 617
91 425
33 247
902 270
391 748
664 354
78 673
81 625
218 49
841 9
621 924
874 592
352 137
527 982
734 210
855 219
728 444
348 918
847 351
447 681
571 896
691 817
807 646
775 578
640 629
331 303
372 435
744 979
472 651
435 890
502 169
580 94
950 204
590 198
403 227
238 938
322 175
294 73
381 82
297 280
889 47
206 71
648 507
725 831
861 467
90 934
352 319
322 241
832 767
85 500
179 823
736 51
264 531
285 289
198 375
675 272
782 520
39 740
84 7
427 746
721 22
50 530
407 365
344 777
640 189
6 544
160 580
708 757
752 915
434 321
162 521
21 199
955 565
270 873
773 844
337 907
380 70
217 646
527 889
411 909
595 176
184 413
866 105
505 454
88 273
953 220
968 783
293 721
194 724
152 548
811 105
499 548
499 533
725 526
904 707
176 785
435 811
893 110
73 319
280 701
562 642
764 739
246 632
868 599
726 118
877 628
633 533
802 9
132 904
788 734
474 153
120 698
7 849
60 89
664 663
895 987
181 695
308 247
776 158
705 372
480 16
48 88
343 98
823 781
656 734
531 165
433 239
490 785
630 258
985 926
874 659
667 280
500 366
425 327
624 259
700 85
140 328
661 35
887 154
12 252
58 206
908 200
98 327
462 403
730 350
207 882
100 256
719 397
660 216
412 644
714 411
422 676
256 520
305 967
979 278
676 549
795 150
547 829
847 544
374 683
765 260
880 371
431 86
398 136
647 130
725 814
550 611
642 239
284 707
844 687
946 181
28 102
362 966
528 37
485 160
195 494
399 512
905 178
289 609
86 32
987 911
920 146
958 928
558 97
630 832
362 614
982 298
374 975
147 961
914 27
528 981
731 510
518 456
573 506
589 663
114 747
67 823
308 336
50 186
276 499
256 442
235 903
815 357
787 929
723 469
731 219
617 736
918 586
214 724
592 469
600 691
165 592
807 876
397 815
475 140
697 442
297 29
375 945
89 924
936 217
992 720
617 115
779 270
154 742
857 92
528 782
291 21
654 902
136 347
753 930
50 723
168 172
653 313
256 782
836 977
670 35
123 862
948 567
503 4
936 497
24 977
440 873
595 920
655 569
656 842
750 669
453 1000
720 927
944 243
607 342
629 303
21 15
423 236
888 850
53 705
44 738
957 985
990 675
572 998
854 349
757 138
543 908
931 731
535 48
419 516
341 65
428 385
125 908
621 1
965 391
591 655
516 554
691 348
989 352
371 452
273 731
933 380
287 520
276 584
228 387
302 117
687 997
612 786
937 359
968 789
954 309
974 47
265 975
77 742
423 982
281 21
947 355
759 788
644 681
409 66
94 600
185 164
372 719
862 189
794 144
254 38
394 567
350 271
324 193
437 863
660 111
86 28
450 599
563 70
810 152
557 993
450 410
396 287
289 601
556 638
321 101
837 640
89 809
132 508
416 655
940 80
339 141
710 876
103 858
93 406
116 519
394 771
760 10
831 932
483 714
542 460
377 988
922 63
847 157
582 1
610 140
575 292
581 547
879 369
509 967
514 653
313 594
173 887
194 129
143 296
871 462
293 766
975 714
525 101
594 961
933 98
13 273
734 57
953 135
820 462
341 545
315 813
108 913
584 310
961 565
684 617
526 906
983 317
627 928
422 376
512 932
724 836
479 75
236 836
796 857
536 715
769 260
573 451
918 998
150 687
676 139
909 446
478 532
27 526
384 505
867 654
807 471
51 862
909 811
131 467
500 758
977 716
418 701
767 182
508 524
723 563
151 240
513 207
64 997
485 240
186 180
621 861
982 308
995 46
779 856
273 574
185 308
134 615
204 816
384 1000
213 510
62 380
15 605
6 777
352 286
895 96
555 415
213 524
281 738
446 487
930 83
819 828
977 624
722 45
547 687
616 894
425 126
378 734
44 496
399 242
307 159
787 784
378 849
804 344
810 618
226 341
618 709
313 614
847 146
801 790
631 689
780 900
957 680
652 167
111 321
781 293
900 781
98 534
890 763
581 321
220 69
644 546
531 499
447 407
612 130
878 468
596 938
208 888
571 385
689 942
157 119
401 106
685 185
742 155
885 810
648 324
988 793
276 869
857 808
93 719
797 619
71 729
436 499
381 69
168 238
609 403
647 15
383 807
166 7
440 767
805 131
528 206
289 420
367 781
694 202
302 587
847 185
40 553
953 278
341 836
407 819
158 593
889 772
325 835
379 363
271 165
198 750
808 48
783 877
5 51
277 684
210 632
571 205
668 375
287 867
693 492
822 402
282 930
257 156
672 222
11 596
153 497
454 713
137 658
852 987
407 555
708 467
533 294
705 392
718 329
950 786
136 608
698 475
127 315
134 384
379 931
5 435
144 92
533 517
319 488
762 105
888 553
16 377
561 520
773 36
303 475
360 541
496 326
937 904
666 700
627 126
584 801
499 676
699 140
631 115
522 227
960 207
594 867
759 900
157 675
504 302
932 236
81 860
365 754
184 701
616 110
468 43
950 986
684 81
220 962
476 397
671 254
497 130
698 240
545 476
143 845
610 775
103 916
360 213
271 110
830 839
499 341
926 643
447 843
305 227
921 571
258 897
913 322
760 638
783 540
634 760
751 555
746 465
973 839
591 460
227 699
38 765
744 319
520 928
639 809
254 399
382 863
979 605
583 188
549 515
658 187
818 179
116 704
568 465
352 350
993 989
7 642
470 631
82 737
919 277
216 296
403 71
136 674
489 522
755 551
747 750
156 60
411 656
91 69
301 981
585 293
532 992
148 16
684 329
968 651
880 834
40 933
838 673
220 481
851 930
687 458
732 642
276 157
676 662
469 291
155 102
675 188
812 458
124 868
699 873
674 938
716 163
397 650
467 276
346 960
529 536
560 781
634 541
50 691
569 910
601 417
600 841
106 701
136 353
60 1000
85 727
327 440
327 283
615 716
706 276
139 771
760 664
618 760
349 194
403 166
459 787
62 691
671 643
596 111
17 627
418 491
108 38
552 556
632 955
377 713
502 611
980 331
634 844
173 596
176 349
157 281
840 869
629 14
142 547
135 191
370 619
74 636
557 525
728 217
956 964
575 23
689 652
542 35
54 346
103 662
552 26
548 632
688 448
551 497
499 419
403 723
81 428
876 911
462 332
972 512
33 434
258 528
425 852
236 468
791 744
604 805
902 153
52 947
813 469
51 269
839 503
735 861
40 684
604 329
564 643
339 145
499 845
214 654
290 482
282 788
616 336
761 170
965 871
84 827
947 608
74 292
524 403
724 271
189 867
266 589
507 200
259 816
141 99
825 688
729 378
845 120
975 240
438 44
442 22
235 768
381 642
954 444
94 92
735 408
169 697
146 818
340 56
29 726
686 18
761 259
176 120
49 820
198 301
503 858
992 539
996 206
200 531
559 747
120 850
2 542
913 732
272 283
291 800
603 630
31 719
524 287
327 156
79 722
158 81
260 656
588 833
254 114
740 824
824 790
796 119
817 488
831 507
382 54
437 123
945 482
590 516
849 885
65 79
437 99
123 715
772 754
822 346
647 937
679 566
424 278
777 36
247 288
549 172
627 567
9 983
446 828
574 925
385 951
711 983
263 235
305 638
445 29
142 750
204 19
77 683
967 416
705 670
562 535
868 318
446 155
554 547
631 452
174 146
976 71
297 334
127 267
574 551
110 948
878 283
64 484
16 571
131 318
392 714
47 62
543 495
969 474
531 678
517 468
145 205
10 605
393 815
102 172
280 430
840 366
904 514
490 442
67 197
130 532
688 222
398 504
550 36
857 512
927 151
344 780
8 948
863 144
4 752
916 870
393 672
104 571
935 582
823 963
847 68
750 863
932 750
547 918
34 643
564 175
309 874
403 681
702 58
932 494
364 94
799 759
917 790
285 585
896 97
173 727
551 100
896 642
716 558
716 59
601 551
315 926
567 996
7 989
108 307
97 728
954 631
353 442
987 235
192 98
609 793
271 150
696 519
284 921
635 865
535 553
633 742
162 892
25 915
564 203
223 801
73 251
31 480
726 560
721 700
536 498
797 737
233 826
927 359
404 92
382 203
187 217
654 829
590 835
128 307
881 248
187 504
744 878
407 536
976 313
189 642
710 374
659 82
886 197
865 165
557 61
538 218
499 512
216 492
770 681
495 487
137 31
700 492
221 656
337 317
160 235
708 802
603 881
811 190
357 84
553 351
656 698
52 448
720 881
187 307
239 824
304 226
256 897
770 177
437 514
309 248
96 652
299 935
180 980
84 433
198 893
790 24
122 992
619 532
16 635
735 295
993 612
553 56
355 965
354 447
203 154
361 355
604 204
462 561
211 102
203 221
751 584
117 19
310 116
172 59
708 323
523 200
432 725
96 195
213 191
129 825
736 218
908 1
164 315
103 41
323 120
818 131
901 648
80 478
987 346
522 398
831 214
655 195
601 148
594 14
877 429
431 903
98 762
808 163
44 740
236 15
365 632
573 961
7 886
52 667
720 753
967 130
703 942
338 106
82 141
558 978
407 707
858 318
703 617
91 425
33 247
902 270
391 748
664 354
78 673
81 625
218 49
841 9
621 924
874 592
352 137
527 982
734 210
855 219
728 444
348 918
847 351
447 681
571 896
691 817
807 646
775 578
640 629
331 303
372 435
744 979
472 651
435 890
502 169
580 94
950 204
590 198
403 227
238 938
322 175
294 73
381 82
297 280
889 47
206 71
648 507
725 831
861 467
90 934
352 319
322 241
832 767
85 500
179 823
736 51
264 531
285 289
198 375
675 272
782 520
39 740
84 7
427 746
721 22
50 530
407 365
344 777
640 189
6 544
160 580
708 757
752 915
434 321
162 521
21 199
955 565
270 873
773 844
337 907
380 70
217 646
527 889
411 909
595 176
184 413
866 105
505 454
88 273
953 220
968 783
293 721
194 724
152 548
811 105
499 548
499 533
725 526
904 707
176 785
435 811
893 110
73 319
280 701
562 642
764 739
246 632
868 599
726 118
877 628
633 533
802 9
132 904
788 734
474 153
120 698
7 849
60 89
664 663
895 987
181 695
308 247
776 158
705 372
480 16
48 88
343 98
823 781
656 734
531 165
433 239
490 785
630 258
985 926
874 659
667 280
500 366
425 327
624 259
700 85
140 328
661 35
887 154
12 252
58 206
908 200
98 327
462 403
730 350
207 882
100 256
719 397
660 216
412 644
714 411
422 676
256 520
305 967
979 278
676 549
795 150
547 829
847 544
374 683
765 260
880 371
431 86
398 136
647 130
725 814
550 611
642 239
284 707
844 687
946 181
28 102
362 966
528 37
485 160
195 494
399 512
905 178
289 609
86 32
987 911
920 146
958 928
558 97
630 832
362 614
982 298
374 975
147 961
914 27
528 981
731 510
518 456
573 506
589 663
114 747
67 823
308 336
50 186
276 499
256 442
235 903
815 357
787 929
723 469
731 219
617 736
918 586
214 724
592 469
600 691
165 592
807 876
397 815
475 140
697 442
297 29
375 945
89 924
936 217
992 720
617 115
779 270
154 742
857 92
528 782
291 21
654 902
136 347
753 930
50 723
168 172
653 313
256 782
836 977
670 35
123 862
948 567
503 4
936 497
24 977
440 873
595 920
655 569
656 842
750 669
453 1000
720 927
944 243
607 342
629 303
21 15
423 236
888 850
53 705
44 738
957 985
990 675
572 998
854 349
757 138
543 908
931 731
535 48
419 516
341 65
428 385
125 908
621 1
965 391
591 655
516 554
691 348
989 352
371 452
273 731
933 380
287 520
276 584
228 387
302 117
687 997
612 786
937 359
968 789
954 309
974 47
265 975
77 742
423 982
281 21
947 355
759 788
644 681
409 66
94 600
185 164
372 719
862 189
794 144
254 38
394 567
350 271
324 193
437 863
660 111
86 28
450 599
563 70
810 152
557 993
450 410
396 287
289 601
556 638
321 101
837 640
89 809
132 508
416 655
940 80
339 141
710 876
103 858
93 406
116 519
394 771
760 10
831 932
483 714
542 460
377 988
922 63
847 157
582 1
610 140
575 292
581 547
879 369
509 967
514 653
313 594
173 887
194 129
143 296
871 462
293 766
975 714
525 101
594 961
933 98
13 273
734 57
953 135
820 462
341 545
315 813
108 913
584 310
961 565
684 617
526 906
983 317
627 928
422 376
512 932
724 836
479 75
236 836
796 857
536 715
769 260
573 451
918 998
150 687
676 139
909 446
478 532
27 526
384 505
867 654
807 471
51 862
909 811
131 467
500 758
977 716
418 701
767 182
508 524
723 563
151 240
513 207
64 997
485 240
186 180
621 861
982 308
995 46
779 856
273 574
185 308
134 615
204 816
384 1000
213 510
62 380
15 605
6 777
352 286
895 96
555 415
213 524
281 738
446 487
930 83
819 828
977 624
722 45
547 687
616 894
425 126
378 734
44 496
399 242
307 159
787 784
378 849
804 344
810 618
226 341
618 709
313 614
847 146
801 790
631 689
780 900
957 680
652 167
111 321
781 293
900 781
98 534
890 763
581 321
220 69
644 546
531 499
447 407
612 130
878 468
596 938
208 888
571 385
689 942
157 119
401 106
685 185
742 155
885 810
648 324
988 793
276 869
857 808
93 719
797 619
71 729
436 499
381 69
168 238
609 403
647 15
383 807
166 7
440 767
805 131
528 206
289 420
367 781
694 202
302 587
847 185
40 553
953 278
341 836
407 819
158 593
889 772
325 835
379 363
271 165
198 750
808 48
783 877
5 51
277 684
210 632
571 205
668 375
287 867
693 492
822 402
282 930
257 156
672 222
11 596
153 497
454 713
137 658
852 987
407 555
708 467
533 294
705 392
718 329
950 786
136 608
698 475
127 315
134 384
379 931
5 435
144 92
533 517
319 488
762 105
888 553
16 377
561 520
773 36
303 475
360 541
496 326
937 904
666 700
627 126
584 801
499 676
699 140
631 115
522 227
960 207
594 867
759 900
157 675
504 302
932 236
81 860
365 754
184 701
616 110
468 43
950 986
684 81
220 962
476 397
671 254
497 130
698 240
545 476
143 845
610 775
103 916
360 213
271 110
830 839
499 341
926 643
447 843
305 227
921 571
258 897
913 322
760 638
783 540
634 760
751 555
746 465
973 839
591 460
227 699
38 765
744 319
520 928
639 809
254 399
382 863
979 605
583 188
549 515
658 187
818 179
116 704
568 465
352 350
993 989
7 642
470 631
82 737
919 277
216 296
403 71
136 674
489 522
755 551
747 750
156 60
411 656
91 69
301 981
585 293
532 992
148 16
684 329
968 651
880 834
40 933
838 673
220 481
851 930
687 458
732 642
276 157
676 662
469 291
155 102
675 188
812 458
124 868
699 873
674 938
716 163
397 650
467 276
346 960
529 536
560 781
634 541
50 691
569 910
601 417
600 841
106 701
136 353
60 1000
85 727
327 440
327 283
615 716
706 276
139 771
760 664
618 760
349 194
403 166
459 787
62 691
671 643
596 111
17 627
418 491
108 38
552 556
632 955
377 713
502 611
980 331
634 844
173 596
176 349
157 281
840 869
629 14
142 547
135 191
370 619
74 636
557 525
728 217
956 964
575 23
689 652
542 35
54 346
103 662
552 26
548 632
688 448
551 497
499 419
403 723
81 428
876 911
462 332
972 512
33 434
258 528
425 852
236 468
791 744
604 805
902 153
52 947
813 469
51 269
839 503
735 861
40 684
604 329
564 643
339 145
499 845
214 654
290 482
282 788
616 336
761 170
965 871
84 827
947 608
74 292
524 403
724 271
189 867
266 589
507 200
259 816
141 99
825 688
729 378
845 120
975 240
438 44
442 22
235 768
381 642
954 444
94 92
735 408
169 697
146 818
340 56
29 726
686 18
761 259
176 120
49 820
198 301
503 858
992 539
996 206
200 531
559 747
120 850
2 542
913 732
272 283
291 800
603 630
31 719
524 287
327 156
79 722
158 81
260 656
588 833
254 114
740 824
824 790
796 119
817 488
831 507
382 54
437 123
945 482
590 516
849 885
65 79
437 99
123 715
772 754
822 346
647 937
679 566
424 278
777 36
247 288
549 172
627 567
9 983
446 828
574 925
385 951
711 983
263 235
305 638
445 29
142 750
204 19
77 683
967 416
705 670
562 535
868 318
446 155
554 547
631 452
174 146
976 71
297 334
127 267
574 551
110 948
878 283
64 484
16 571
131 318
392 714
47 62
543 495
969 474
531 678
517 468
145 205
10 605
393 815
102 172
280 430
840 366
904 514
490 442
67 197
130 532
688 222
398 504
550 36
857 512
927 151
344 780
8 948
863 144
4 752
916 870
393 672
104 571
935 582
823 963
847 68
750 863
932 750
547 918
34 643
564 175
309 874
403 681
702 58
932 494
364 94
799 759
917 790
285 585
896 97
173 727
551 100
896 642
716 558
716 59
601 551
315 926
567 996
7 989
108 307
97 728
954 631
353 442
987 235
192 98
609 793
271 150
696 519
284 921
635 865
535 553
633 742
162 892
25 915
564 203
223 801
73 251
31 480
726 560
721 700
536 498
797 737
233 826
927 359
404 92
382 203
187 217
654 829
590 835
128 307
881 248
187 504
744 878
407 536
976 313
189 642
710 374
659 82
886 197
865 165
557 61
538 218
499 512
216 492
770 681
495 487
137 31
700 492
221 656
337 317
160 235
708 802
603 881
811 190
357 84
553 351
656 698
52 448
720 881
187 307
239 824
304 226
256 897
770 177
437 514
309 248
96 652
299 935
180 980
84 433
198 893
790 24
122 992
619 532
16 635
735 295
993 612
553 56
355 965
354 447
203 154
361 355
604 204
462 561
211 102
203 221
751 584
117 19
310 116
172 59
708 323
523 200
432 725
96 195
213 191
129 825
736 218
908 1
164 315
103 41
323 120
818 131
901 648
80 478
987 346
522 398
831 214
655 195
601 148
594 14
877 429
431 903
98 762
808 163
44 740
236 15
365 632
573 961
7 886
52 667
720 753
967 130
703 942
338 106
82 141
558 978
407 707
858 318
703 617
91 425
33 247
902 270
391 748
664 354
78 673
81 625
218 49
841 9
621 924
874 592
352 137
527 982
734 210
855 219
728 444
348 918
847 351
447 681
571 896
691 817
807 646
775 578
640 629
331 303
372 435
744 979
472 651
435 890
502 169
580 94
950 204
590 198
403 227
238 938
322 175
294 73
381 82
297 280
889 47
206 71
648 507
725 831
861 467
90 934
352 319
322 241
832 767
85 500
179 823
736 51
264 531
285 289
198 375
675 272
782 520
39 740
84 7
427 746
721 22
50 530
407 365
344 777
640 189
6 544
160 580
708 757
752 915
434 321
162 521
21 199
955 565
270 873
773 844
337 907
380 70
217 646
527 889
411 909
595 176
184 413
866 105
505 454
88 273
953 220
968 783
293 721
194 724
152 548
811 105
499 548
499 533
725 526
904 707
176 785
435 811
893 110
73 319
280 701
562 642
764 739
246 632
868 599
726 118
877 628
633 533
802 9
132 904
788 734
474 153
120 698
7 849
60 89
664 663
895 987
181 695
308 247
776 158
705 372
480 16
48 88
343 98
823 781
656 734
531 165
433 239
490 785
630 258
985 926
874 659
667 280
500 366
425 327
624 259
700 85
140 328
661 35
887 154
12 252
58 206
908 200
98 327
462 403
730 350
207 882
100 256
719 397
660 216
412 644
714 411
422 676
256 520
305 967
979 278
676 549
795 150
547 829
847 544
374 683
765 260
880 371
431 86
398 136
647 130
725 814
550 611
642 239
284 707
844 687
946 181
28 102
362 966
528 37
485 160
195 494
399 512
905 178
289 609
86 32
987 911
920 146
958 928
558 97
630 832
362 614
982 298
374 975
147 961
914 27
528 981
731 510
518 456
573 506
589 663
114 747
67 823
308 336
50 186
276 499
256 442
235 903
815 357
787 929
723 469
731 219
617 736
918 586
214 724
592 469
600 691
165 592
807 876
397 815
475 140
697 442
297 29
375 945
89 924
936 217
992 720
617 115
779 270
154 742
857 92
528 782
291 21
654 902
136 347
753 930
50 723
168 172
653 313
256 782
836 977
670 35
123 862
948 567
503 4
936 497
24 977
440 873
595 920
655 569
656 842
750 669
453 1000
720 927
944 243
607 342
629 303
21 15
423 236
888 850
53 705
44 738
957 985
990 675
572 998
854 349
757 138
543 908
931 731
535 48
419 516
341 65
428 385
125 908
621 1
965 391
591 655
516 554
691 348
989 352
371 452
273 731
933 380
287 520
276 584
228 387
302 117
687 997
612 786
937 359
968 789
954 309
974 47
265 975
77 742
423 982
281 21
947 355
759 788
644 681
409 66
94 600
185 164
372 719
862 189
794 144
254 38
394 567
350 271
324 193
437 863
660 111
86 28
450 599
563 70
810 152
557 993
450 410
396 287
289 601
556 638
321 101
837 640
89 809
132 508
416 655
940 80
339 141
710 876
103 858
93 406
116 519
394 771
760 10
831 932
483 714
542 460
377 988
922 63
847 157
582 1
610 140
575 292
581 547
879 369
509 967
514 653
313 594
173 887
194 129
143 296
871 462
293 766
975 714
525 101
594 961
933 98
13 273
734 57
953 135
820 462
341 545
315 813
108 913
584 310
961 565
684 617
526 906
983 317
627 928
422 376
512 932
724 836
479 75
236 836
796 857
536 715
769 260
573 451
918 998
150 687
676 139
909 446
478 532
27 526
384 505
867 654
807 471
51 862
909 811
131 467
500 758
977 716
418 701
767 182
508 524
723 563
151 240
513 207
64 997
485 240
186 180
621 861
982 308
995 46
779 856
273 574
185 308
134 615
204 816
384 1000
213 510
62 380
15 605
6 777
352 286
895 96
555 415
213 524
281 738
446 487
930 83
819 828
977 624
722 45
547 687
616 894
425 126
378 734
44 496
399 242
307 159
787 784
378 849
804 344
810 618
226 341
618 709
313 614
847 146
801 790
631 689
780 900
957 680
652 167
111 321
781 293
900 781
98 534
890 763
581 321
220 69
644 546
531 499
447 407
612 130
878 468
596 938
208 888
571 385
689 942
157 119
401 106
685 185
742 155
885 810
648 324
988 793
276 869
857 808
93 719
797 619
71 729
436 499
381 69
168 238
609 403
647 15
383 807
166 7
440 767
805 131
528 206
289 420
367 781
694 202
302 587
847 185
40 553
953 278
341 836
407 819
158 593
889 772
325 835
379 363
271 165
198 750
808 48
783 877
5 51
277 684
210 632
571 205
668 375
287 867
693 492
822 402
282 930
257 156
672 222
11 596
153 497
454 713
137 658
852 987
407 555
708 467
533 294
705 392
718 329
950 786
136 608
698 475
127 315
134 384
379 931
5 435
144 92
533 517
319 488
762 105
888 553
16 377
561 520
773 36
303 475
360 541
496 326
937 904
666 700
627 126
584 801
499 676
699 140
631 115
522 227
960 207
594 867
759 900
157 675
504 302
932 236
81 860
365 754
184 701
616 110
468 43
950 986
684 81
220 962
476 397
671 254
497 130
698 240
545 476
143 845
610 775
103 916
360 213
271 110
830 839
499 341
926 643
447 843
305 227
921 571
258 897
913 322
760 638
783 540
634 760
751 555
746 465
973 839
591 460
227 699
38 765
744 319
520 928
639 809
254 399
382 863
979 605
583 188
549 515
658 187
818 179
116 704
568 465
352 350
993 989
7 642
470 631
82 737
919 277
216 296
403 71
136 674
489 522
755 551
747 750
156 60
411 656
91 69
301 981
585 293
532 992
148 16
684 329
968 651
880 834
40 933
838 673
220 481
851 930
687 458
732 642
276 157
676 662
469 291
155 102
675 188
812 458
124 868
699 873
674 938
716 163
397 650
467 276
346 960
529 536
560 781
634 541
50 691
569 910
601 417
600 841
106 701
136 353
60 1000
85 727
327 440
327 283
615 716
706 276
139 771
760 664
618 760
349 194
403 166
459 787
62 691
671 643
596 111
17 627
418 491
108 38
552 556
632 955
377 713
502 611
980 331
634 844
173 596
176 349
157 281
840 869
629 14
142 547
135 191
370 619
74 636
557 525
728 217
956 964
575 23
689 652
542 35
54 346
103 662
552 26
548 632
688 448
551 497
499 419
403 723
81 428
876 911
462 332
972 512
33 434
258 528
425 852
236 468
791 744
604 805
902 153
52 947
813 469
51 269
839 503
735 861
40 684
604 329
564 643
339 145
499 845
214 654
290 482
282 788
616 336
761 170
965 871
84 827
947 608
74 292
524 403
724 271
189 867
266 589
507 200
259 816
141 99
825 688
729 378
845 120
975 240
438 44
442 22
235 768
381 642
954 444
94 92
735 408
169 697
146 818
340 56
29 726
686 18
761 259
176 120
49 820
198 301
503 858
992 539
996 206
200 531
559 747
120 850
2 542
913 732
272 283
291 800
603 630
31 719
524 287
327 156
79 722
158 81
260 656
588 833
254 114
740 824
824 790
796 119
817 488
831 507
382 54
437 123
945 482
590 516
849 885
65 79
437 99
123 715
772 754
822 346
647 937
679 566
424 278
777 36
247 288
549 172
627 567
9 983
446 828
574 925
385 951
711 983
263 235
305 638
445 29
142 750
204 19
77 683
967 416
705 670
562 535
868 318
446 155
554 547
631 452
174 146
976 71
297 334
127 267
574 551
110 948
878 283
64 484
16 571
131 318
392 714
47 62
543 495
969 474
531 678
517 468
145 205
10 605
393 815
102 172
280 430
840 366
904 514
490 442
67 197
130 532
688 222
398 504
550 36
857 512
927 151
344 780
8 948
863 144
4 752
916 870
393 672
104 571
935 582
823 963
847 68
750 863
932 750
547 918
34 643
564 175
309 874
403 681
702 58
932 494
364 94
799 759
917 790
285 585
896 97
173 727
551 100
896 642
716 558
716 59
601 551
315 926
567 996
7 989
108 307
97 728
954 631
353 442
987 235
192 98
609 793
271 150
696 519
284 921
635 865
535 553
633 742
162 892
25 915
564 203
223 801
73 251
31 480
726 560
721 700
536 498
797 737
233 826
927 359
404 92
382 203
187 217
654 829
590 835
128 307
881 248
187 504
744 878
407 536
976 313
189 642
710 374
659 82
886 197
865 165
557 61
538 218
499 512
216 492
770 681
495 487
137 31
700 492
221 656
337 317
160 235
708 802
603 881
811 190
357 84
553 351
656 698
52 448
720 881
187 307
239 824
304 226
256 897
770 177
437 514
309 248
96 652
299 935
180 980
84 433
198 893
790 24
122 992
619 532
16 635
735 295
993 612
553 56
355 965
354 447
203 154
361 355
604 204
462 561
211 102
203 221
751 584
117 19
310 116
172 59
708 323
523 200
432 725
96 195
213 191
129 825
736 218
908 1
164 315
103 41
323 120
818 131
901 648
80 478
987 346
522 398
831 214
655 195
601 148
594 14
877 429
431 903
98 762
808 163
44 740
236 15
365 632
573 961
7 886
52 667
720 753
967 130
703 942
338 106
82 141
558 978
407 707
858 318
703 617
91 425
33 247
902 270
391 748
664 354
78 673
81 625
218 49
841 9
621 924
874 592
352 137
527 982
734 210
855 219
728 444
348 918
847 351
447 681
571 896
691 817
807 646
775 578
640 629
331 303
372 435
744 979
472 651
435 890
502 169
580 94
950 204
590 198
403 227
238 938
322 175
294 73
381 82
297 280
889 47
206 71
648 507
725 831
861 467
90 934
352 319
322 241
832 767
85 500
179 823
736 51
264 531
285 289
198 375
675 272
782 520
39 740
84 7
427 746
721 22
50 530
407 365
344 777
640 189
6 544
160 580
708 757
752 915
434 321
162 521
21 199
955 565
270 873
773 844
337 907
380 70
217 646
527 889
411 909
595 176
184 413
866 105
505 454
88 273
953 220
968 783
293 721
194 724
152 548
811 105
499 548
499 533
725 526
904 707
176 785
435 811
893 110
73 319
280 701
562 642
764 739
246 632
868 599
726 118
877 628
633 533
802 9
132 904
788 734
474 153
120 698
7 849
60 89
664 663
895 987
181 695
308 247
776 158
705 372
480 16
48 88
343 98
823 781
656 734
531 165
433 239
490 785
630 258
985 926
874 659
667 280
500 366
425 327
624 259
700 85
140 328
661 35
887 154
12 252
58 206
908 200
98 327
462 403
730 350
207 882
100 256
719 397
660 216
412 644
714 411
422 676
256 520
305 967
979 278
676 549
795 150
547 829
847 544
374 683
765 260
880 371
431 86
398 136
647 130
725 814
550 611
642 239
284 707
844 687
946 181
28 102
362 966
528 37
485 160
195 494
399 512
905 178
289 609
86 32
987 911
920 146
958 928
558 97
630 832
362 614
982 298
374 975
147 961
914 27
528 981
731 510
518 456
573 506
589 663
114 747
67 823
308 336
50 186
276 499
256 442
235 903
815 357
787 929
723 469
731 219
617 736
918 586
214 724
592 469
600 691
165 592
807 876
397 815
475 140
697 442
297 29
375 945
89 924
936 217
992 720
617 115
779 270
154 742
857 92
528 782
291 21
654 902
136 347
753 930
50 723
168 172
653 313
256 782
836 977
670 35
123 862
948 567
503 4
936 497
24 977
440 873
595 920
655 569
656 842
750 669
453 1000
720 927
944 243
607 342
629 303
21 15
423 236
888 850
53 705
44 738
957 985
990 675
572 998
854 349
757 138
543 908
931 731
535 48
419 516
341 65
428 385
125 908
621 1
965 391
591 655
516 554
691 348
989 352
371 452
273 731
933 380
287 520
276 584
228 387
302 117
687 997
612 786
937 359
968 789
954 309
974 47
265 975
77 742
423 982
281 21
947 355
759 788
644 681
409 66
94 600
185 164
372 719
862 189
794 144
254 38
394 567
350 271
324 193
437 863
660 111
86 28
450 599
563 70
810 152
557 993
450 410
396 287
289 601
556 638
321 101
837 640
89 809
132 508
416 655
940 80
339 141
710 876
103 858
93 406
116 519
394 771
760 10
831 932
483 714
542 460
377 988
922 63
847 157
582 1
610 140
575 292
581 547
879 369
509 967
514 653
313 594
173 887
194 129
143 296
871 462
293 766
975 714
525 101
594 961
933 98
13 273
734 57
953 135
820 462
341 545
315 813
108 913
584 310
961 565
684 617
526 906
983 317
627 928
422 376
512 932
724 836
479 75
236 836
796 857
536 715
769 260
573 451
918 998
150 687
676 139
909 446
478 532
27 526
384 505
867 654
807 471
51 862
909 811
131 467
500 758
977 716
418 701
767 182
508 524
723 563
151 240
513 207
64 997
485 240
186 180
621 861
982 308
995 46
779 856
273 574
185 308
134 615
204 816
384 1000
213 510
62 380
15 605
6 777
352 286
895 96
555 415
213 524
281 738
446 487
930 83
819 828
977 624
722 45
547 687
616 894
425 126
378 734
44 496
399 242
307 159
787 784
378 849
804 344
810 618
226 341
618 709
313 614
847 146
801 790
631 689
780 900
957 680
652 167
111 321
781 293
900 781
98 534
890 763
581 321
220 69
644 546
531 499
447 407
612 130
878 468
596 938
208 888
571 385
689 942
157 119
401 106
685 185
742 155
885 810
648 324
988 793
276 869
857 808
93 719
797 619
71 729
436 499
381 69
168 238
609 403
647 15
383 807
166 7
440 767
805 131
528 206
289 420
367 781
694 202
302 587
847 185
40 553
953 278
341 836
407 819
158 593
889 772
325 835
379 363
271 165
198 750
808 48
783 877
5 51
277 684
210 632
571 205
668 375
287 867
693 492
822 402
282 930
257 156
672 222
11 596
153 497
454 713
137 658
852 987
407 555
708 467
533 294
705 392
718 329
950 786
136 608
698 475
127 315
134 384
379 931
5 435
144 92
533 517
319 488
762 105
888 553
16 377
561 520
773 36
303 475
360 541
496 326
937 904
666 700
627 126
584 801
499 676
699 140
631 115
522 227
960 207
594 867
759 900
157 675
504 302
932 236
81 860
365 754
184 701
616 110
468 43
950 986
684 81
220 962
476 397
671 254
497 130
698 240
545 476
143 845
610 775
103 916
360 213
271 110
830 839
499 341
926 643
447 843
305 227
921 571
258 897
913 322
760 638
783 540
634 760
751 555
746 465
973 839
591 460
227 699
38 765
744 319
520 928
639 809
254 399
382 863
979 605
583 188
549 515
658 187
818 179
116 704
568 465
352 350
993 989
7 642
470 631
82 737
919 277
216 296
403 71
136 674
489 522
755 551
747 750
156 60
411 656
91 69
301 981
585 293
532 992
148 16
684 329
968 651
880 834
40 933
838 673
220 481
851 930
687 458
732 642
276 157
676 662
469 291
155 102
675 188
812 458
124 868
699 873
674 938
716 163
397 650
467 276
346 960
529 536
560 781
634 541
50 691
569 910
601 417
600 841
106 701
136 353
60 1000
85 727
327 440
327 283
615 716
706 276
139 771
760 664
618 760
349 194
403 166
459 787
62 691
671 643
596 111
17 627
418 491
108 38
552 556
632 955
377 713
502 611
980 331
634 844
173 596
176 349
157 281
840 869
629 14
142 547
135 191
370 619
74 636
557 525
728 217
956 964
575 23
689 652
542 35
54 346
103 662
552 26
548 632
688 448
551 497
499 419
403 723
81 428
876 911
462 332
972 512
33 434
258 528
425 852
236 468
791 744
604 805
902 153
52 947
813 469
51 269
839 503
735 861
40 684
604 329
564 643
339 145
499 845
214 654
290 482
282 788
616 336
761 170
965 871
84 827
947 608
74 292
524 403
724 271
189 867
266 589
507 200
259 816
141 99
825 688
729 378
845 120
975 240
438 44
442 22
235 768
381 642
954 444
94 92
735 408
169 697
146 818
340 56
29 726
686 18
761 259
176 120
49 820
198 301
503 858
992 539
996 206
200 531
559 747
120 850
2 542
913 732
272 283
291 800
603 630
31 719
524 287
327 156
79 722
158 81
260 656
588 833
254 114
740 824
824 790
796 119
817 488
831 507
382 54
437 123
945 482
590 516
849 885
65 79
437 99
123 715
772 754
822 346
647 937
679 566
424 278
777 36
247 288
549 172
627 567
9 983
446 828
574 925
385 951
711 983
263 235
305 638
445 29
142 750
204 19
77 683
967 416
705 670
562 535
868 318
446 155
554 547
631 452
174 146
976 71
297 334
127 267
574 551
110 948
878 283
64 484
16 571
131 318
392 714
47 62
543 495
969 474
531 678
517 468
145 205
10 605
393 815
102 172
280 430
840 366
904 514
490 442
67 197
130 532
688 222
398 504
550 36
857 512
927 151
344 780
8 948
863 144
4 752
916 870
393 672
104 571
935 582
823 963
847 68
750 863
932 750
547 918
34 643
564 175
309 874
403 681
702 58
932 494
364 94
799 759
917 790
285 585
896 97
173 727
551 100
896 642
716 558
716 59
601 551
315 926
567 996
7 989
108 307
97 728
954 631
353 442
987 235
192 98
609 793
271 150
696 519
284 921
635 865
535 553
633 742
162 892
25 915
564 203
223 801
73 251
31 480
726 560
721 700
536 498
797 737
233 826
927 359
404 92
382 203
187 217
654 829
590 835
128 307
881 248
187 504
744 878
407 536
976 313
189 642
710 374
659 82
886 197
865 165
557 61
538 218
499 512
216 492
770 681
495 487
137 31
700 492
221 656
337 317
160 235
708 802
603 881
811 190
357 84
553 351
656 698
52 448
720 881
187 307
239 824
304 226
256 897
770 177
437 514
309 248
96 652
299 935
180 980
84 433
198 893
790 24
122 992
619 532
16 635
735 295
993 612
553 56
355 965
354 447
203 154
361 355
604 204
462 561
211 102
203 221
751 584
117 19
310 116
172 59
708 323
523 200
432 725
96 195
213 191
129 825
736 218
908 1
164 315
103 41
323 120
818 131
901 648
80 478
987 346
522 398
831 214
655 195
601 148
594 14
877 429
431 903
98 762
808 163
44 740
236 15
365 632
573 961
7 886
52 667
720 753
967 130
703 942
338 106
82 141
558 978
407 707
858 318
703 617
91 425
33 247
902 270
391 748
664 354
78 673
81 625
218 49
841 9
621 924
874 592
352 137
527 982
734 210
855 219
728 444
348 918
847 351
447 681
571 896
691 817
807 646
775 578
640 629
331 303
372 435
744 979
472 651
435 890
502 169
580 94
950 204
590 198
403 227
238 938
322 175
294 73
381 82
297 280
889 47
206 71
648 507
725 831
861 467
90 934
352 319
322 241
832 767
85 500
179 823
736 51
264 531
285 289
198 375
675 272
782 520
39 740
84 7
427 746
721 22
50 530
407 365
344 777
640 189
6 544
160 580
708 757
752 915
434 321
162 521
21 199
955 565
270 873
773 844
337 907
380 70
217 646
527 889
411 909
595 176
184 413
866 105
505 454
88 273
953 220
968 783
293 721
194 724
152 548
811 105
499 548
499 533
725 526
904 707
176 785
435 811
893 110
73 319
280 701
562 642
764 739
246 632
868 599
726 118
877 628
633 533
802 9
132 904
788 734
474 153
120 698
7 849
60 89
664 663
895 987
181 695
308 247
776 158
705 372
480 16
48 88
343 98
823 781
656 734
531 165
433 239
490 785
630 258
985 926
874 659
667 280
500 366
425 327
624 259
700 85
140 328
661 35
887 154
12 252
58 206
908 200
98 327
462 403
730 350
207 882
100 256
719 397
660 216
412 644
714 411
422 676
256 520
305 967
979 278
676 549
795 150
547 829
847 544
374 683
765 260
880 371
431 86
398 136
647 130
725 814
550 611
642 239
284 707
844 687
946 181
28 102
362 966
528 37
485 160
195 494
399 512
905 178
289 609
86 32
987 911
920 146
958 928
558 97
630 832
362 614
982 298
374 975
147 961
914 27
528 981
731 510
518 456
573 506
589 663
114 747
67 823
308 336
50 186
276 499
256 442
235 903
815 357
787 929
723 469
731 219
617 736
918 586
214 724
592 469
600 691
165 592
807 876
397 815
475 140
697 442
297 29
375 945
89 924
936 217
992 720
617 115
779 270
154 742
857 92
528 782
291 21
654 902
136 347
753 930
50 723
168 172
653 313
256 782
836 977
670 35
123 862
948 567
503 4
936 497
24 977
440 873
595 920
655 569
656 842
750 669
453 1000
720 927
944 243
607 342
629 303
21 15
423 236
888 850
53 705
44 738
957 985
990 675
572 998
854 349
757 138
543 908
931 731
535 48
419 516
341 65
428 385
125 908
621 1
965 391
591 655
516 554
691 348
989 352
371 452
273 731
933 380
287 520
276 584
228 387
302 117
687 997
612 786
937 359
968 789
954 309
974 47
265 975
77 742
423 982
281 21
947 355
759 788
644 681
409 66
94 600
185 164
372 719
862 189
794 144
254 38
394 567
350 271
324 193
437 863
660 111
86 28
450 599
563 70
810 152
557 993
450 410
396 287
289 601
556 638
321 101
837 640
89 809
132 508
416 655
940 80
339 141
710 876
103 858
93 406
116 519
394 771
760 10
831 932
483 714
542 460
377 988
922 63
847 157
582 1
610 140
575 292
581 547
879 369
509 967
514 653
313 594
173 887
194 129
143 296
871 462
293 766
975 714
525 101
594 961
933 98
13 273
734 57
953 135
820 462
341 545
315 813
108 913
584 310
961 565
684 617
526 906
983 317
627 928
422 376
512 932
724 836
479 75
236 836
796 857
536 715
769 260
573 451
918 998
150 687
676 139
909 446
478 532
27 526
384 505
867 654
807 471
51 862
909 811
131 467
500 758
977 716
418 701
767 182
508 524
723 563
151 240
513 207
64 997
485 240
186 180
621 861
982 308
995 46
779 856
273 574
185 308
134 615
204 816
384 1000
213 510
62 380
15 605
6 777
352 286
895 96
555 415
213 524
281 738
446 487
930 83
819 828
977 624
722 45
547 687
616 894
425 126
378 734
44 496
399 242
307 159
787 784
378 849
804 344
810 618
226 341
618 709
313 614
847 146
801 790
631 689
780 900
957 680
652 167
111 321
781 293
900 781
98 534
890 763
581 321
220 69
644 546
531 499
447 407
612 130
878 468
596 938
208 888
571 385
689 942
157 119
401 106
685 185
742 155
885 810
648 324
988 793
276 869
857 808
93 719
797 619
71 729
436 499
381 69
168 238
609 403
647 15
383 807
166 7
440 767
805 131
528 206
289 420
367 781
694 202
302 587
847 185
40 553
953 278
341 836
407 819
158 593
889 772
325 835
379 363
271 165
198 750
808 48
783 877
5 51
277 684
210 632
571 205
668 375
287 867
693 492
822 402
282 930
257 156
672 222
11 596
153 497
454 713
137 658
852 987
407 555
708 467
533 294
705 392
718 329
950 786
136 608
698 475
127 315
134 384
379 931
5 435
144 92
533 517
319 488
762 105
888 553
16 377
561 520
773 36
303 475
360 541
496 326
937 904
666 700
627 126
584 801
499 676
699 140
631 115
522 227
960 207
594 867
759 900
157 675
504 302
932 236
81 860
365 754
184 701
616 110
468 43
950 986
684 81
220 962
476 397
671 254
497 130
698 240
545 476
143 845
610 775
103 916
360 213
271 110
830 839
499 341
926 643
447 843
305 227
921 571
258 897
913 322
760 638
783 540
634 760
751 555
746 465
973 839
591 460
227 699
38 765
744 319
520 928
639 809
254 399
382 863
979 605
583 188
549 515
658 187
818 179
116 704
568 465
352 350
993 989
7 642
470 631
82 737
919 277
216 296
403 71
136 674
489 522
755 551
747 750
156 60
411 656
91 69
301 981
585 293
532 992
148 16
684 329
968 651
880 834
40 933
838 673
220 481
851 930
687 458
732 642
276 157
676 662
469 291
155 102
675 188
812 458
124 868
699 873
674 938
716 163
397 650
467 276
346 960
529 536
560 781
634 541
50 691
569 910
601 417
600 841
106 701
136 353
60 1000
85 727
327 440
327 283
615 716
706 276
139 771
760 664
618 760
349 194
403 166
459 787
62 691
671 643
596 111
17 627
418 491
108 38
552 556
632 955
377 713
502 611
980 331
634 844
173 596
176 349
157 281
840 869
629 14
142 547
135 191
370 619
74 636
557 525
728 217
956 964
575 23
689 652
542 35
54 346
103 662
552 26
548 632
688 448
551 497
499 419
403 723
81 428
876 911
462 332
972 512
33 434
258 528
425 852
236 468
791 744
604 805
902 153
52 947
813 469
51 269
839 503
735 861
40 684
604 329
564 643
339 145
499 845
214 654
290 482
282 788
616 336
761 170
965 871
84 827
947 608
74 292
524 403
724 271
189 867
266 589
507 200
259 816
141 99
825 688
729 378
845 120
975 240
438 44
442 22
235 768
381 642
954 444
94 92
735 408
169 697
146 818
340 56
29 726
686 18
761 259
176 120
49 820
198 301
503 858
992 539
996 206
200 531
559 747
120 850
2 542
913 732
272 283
291 800
603 630
31 719
524 287
327 156
79 722
158 81
260 656
588 833
254 114
740 824
824 790
796 119
817 488
831 507
382 54
437 123
945 482
590 516
849 885
65 79
437 99
123 715
772 754
822 346
647 937
679 566
424 278
777 36
247 288
549 172
627 567
9 983
446 828
574 925
385 951
711 983
263 235
305 638
445 29
142 750
204 19
77 683
967 416
705 670
562 535
868 318
446 155
554 547
631 452
174 146
976 71
297 334
127 267
574 551
110 948
878 283
64 484
16 571
131 318
392 714
47 62
543 495
969 474
531 678
517 468
145 205
10 605
393 815
102 172
280 430
840 366
904 514
490 442
67 197
130 532
688 222
398 504
550 36
857 512
927 151
344 780
8 948
863 144
4 752
916 870
393 672
104 571
935 582
823 963
847 68
750 863
932 750
547 918
34 643
564 175
309 874
403 681
702 58
932 494
364 94
799 759
917 790
285 585
896 97
173 727
551 100
896 642
716 558
716 59
601 551
315 926
567 996
7 989
108 307
97 728
954 631
353 442
987 235
192 98
609 793
271 150
696 519
284 921
635 865
535 553
633 742
162 892
25 915
564 203
223 801
73 251
31 480
726 560
721 700
536 498
797 737
233 826
927 359
404 92
382 203
187 217
654 829
590 835
128 307
881 248
187 504
744 878
407 536
976 313
189 642
710 374
659 82
886 197
865 165
557 61
538 218
499 512
216 492
770 681
495 487
137 31
700 492
221 656
337 317
160 235
708 802
603 881
811 190
357 84
553 351
656 698
52 448
720 881
187 307
239 824
304 226
256 897
770 177
437 514
309 248
96 652
299 935
180 980
84 433
198 893
790 24
122 992
619 532
16 635
735 295
993 612
553 56
355 965
354 447
203 154
361 355
604 204
462 561
211 102
203 221
751 584
117 19
310 116
172 59
708 323
523 200
432 725
96 195
213 191
129 825
736 218
908 1
164 315
103 41
323 120
818 131
901 648
80 478
987 346
522 398
831 214
655 195
601 148
594 14
877 429
431 903
98 762
808 163
44 740
236 15
365 632
573 961
7 886
52 667
720 753
967 130
703 942
338 106
82 141
558 978
407 707
858 318
703 617
91 425
33 247
902 270
391 748
664 354
78 673
81 625
218 49
841 9
621 924
874 592
352 137
527 982
734 210
855 219
728 444
348 918
847 351
447 681
571 896
691 817
807 646
775 578
640 629
331 303
372 435
744 979
472 651
435 890
502 169
580 94
950 204
590 198
403 227
238 938
322 175
294 73
381 82
297 280
889 47
206 71
648 507
725 831
861 467
90 934
352 319
322 241
832 767
85 500
179 823
736 51
264 531
285 289
198 375
675 272
782 520
39 740
84 7
427 746
721 22
50 530
407 365
344 777
640 189
6 544
160 580
708 757
752 915
434 321
162 521
21 199
955 565
270 873
773 844
337 907
380 70
217 646
527 889
411 909
595 176
184 413
866 105
505 454
88 273
953 220
968 783
293 721
194 724
152 548
811 105
499 548
499 533
725 526
904 707
176 785
435 811
893 110
73 319
280 701
562 642
764 739
246 632
868 599
726 118
877 628
633 533
802 9
132 904
788 734
474 153
120 698
7 849
60 89
664 663
895 987
181 695
308 247
776 158
705 372
480 16
48 88
343 98
823 781
656 734
531 165
433 239
490 785
630 258
985 926
874 659
667 280
500 366
425 327
624 259
700 85
140 328
661 35
887 154
12 252
58 206
908 200
98 327
462 403
730 350
207 882
100 256
719 397
660 216
412 644
714 411
422 676
256 520
305 967
979 278
676 549
795 150
547 829
847 544
374 683
765 260
880 371
431 86
398 136
647 130
725 814
550 611
642 239
284 707
844 687
946 181
28 102
362 966
528 37
485 160
195 494
399 512
905 178
289 609
86 32
987 911
920 146
958 928
558 97
630 832
362 614
982 298
374 975
147 961
914 27
528 981
731 510
518 456
573 506
589 663
114 747
67 823
308 336
50 186
276 499
256 442
235 903
815 357
787 929
723 469
731 219
617 736
918 586
214 724
592 469
600 691
165 592
807 876
397 815
475 140
697 442
297 29
375 945
89 924
936 217
992 720
617 115
779 270
154 742
857 92
528 782
291 21
654 902
136 347
753 930
50 723
168 172
653 313
256 782
836 977
670 35
123 862
948 567
503 4
936 497
24 977
440 873
595 920
655 569
656 842
750 669
453 1000
720 927
944 243
607 342
629 303
21 15
423 236
888 850
53 705
44 738
957 985
990 675
572 998
854 349
757 138
543 908
931 731
535 48
419 516
341 65
428 385
125 908
621 1
965 391
591 655
516 554
691 348
989 352
371 452
273 731
933 380
287 520
276 584
228 387
302 117
687 997
612 786
937 359
968 789
954 309
974 47
265 975
77 742
423 982
281 21
947 355
759 788
644 681
409 66
94 600
185 164
372 719
862 189
794 144
254 38
394 567
350 271
324 193
437 863
660 111
86 28
450 599
563 70
810 152
557 993
450 410
396 287
289 601
556 638
321 101
837 640
89 809
132 508
416 655
940 80
339 141
710 876
103 858
93 406
116 519
394 771
760 10
831 932
483 714
542 460
377 988
922 63
847 157
582 1
610 140
575 292
581 547
879 369
509 967
514 653
313 594
173 887
194 129
143 296
871 462
293 766
975 714
525 101
594 961
933 98
13 273
734 57
953 135
820 462
341 545
315 813
108 913
584 310
961 565
684 617
526 906
983 317
627 928
422 376
512 932
724 836
479 75
236 836
796 857
536 715
769 260
573 451
918 998
150 687
676 139
909 446
478 532
27 526
384 505
867 654
807 471
51 862
909 811
131 467
500 758
977 716
418 701
767 182
508 524
723 563
151 240
513 207
64 997
485 240
186 180
621 861
982 308
995 46
779 856
273 574
185 308
134 615
204 816
384 1000
213 510
62 380
15 605
6 777
352 286
895 96
555 415
213 524
281 738
446 487
930 83
819 828
977 624
722 45
547 687
616 894
425 126
378 734
44 496
399 242
307 159
787 784
378 849
804 344
810 618
226 341
618 709
313 614
847 146
801 790
631 689
780 900
957 680
652 167
111 321
781 293
900 781
98 534
890 763
581 321
220 69
644 546
531 499
447 407
612 130
878 468
596 938
208 888
571 385
689 942
157 119
401 106
685 185
742 155
885 810
648 324
988 793
276 869
857 808
93 719
797 619
71 729
436 499
381 69
168 238
609 403
647 15
383 807
166 7
440 767
805 131
528 206
289 420
367 781
694 202
302 587
847 185
40 553
953 278
341 836
407 819
158 593
889 772
325 835
379 363
271 165
198 750
808 48
783 877
5 51
277 684
210 632
571 205
668 375
287 867
693 492
822 402
282 930
257 156
672 222
11 596
153 497
454 713
137 658
852 987
407 555
708 467
533 294
705 392
718 329
950 786
136 608
698 475
127 315
134 384
379 931
5 435
144 92
533 517
319 488
762 105
888 553
16 377
561 520
773 36
303 475
360 541
496 326
937 904
666 700
627 126
584 801
499 676
699 140
631 115
522 227
960 207
594 867
759 900
157 675
504 302
932 236
81 860
365 754
184 701
616 110
468 43
950 986
684 81
220 962
476 397
671 254
497 130
698 240
545 476
143 845
610 775
103 916
360 213
271 110
830 839
499 341
926 643
447 843
305 227
921 571
258 897
913 322
760 638
783 540
634 760
751 555
746 465
973 839
591 460
227 699
38 765
744 319
520 928
639 809
254 399
382 863
979 605
583 188
549 515
658 187
818 179
116 704
568 465
352 350
993 989
7 642
470 631
82 737
919 277
216 296
403 71
136 674
489 522
755 551
747 750
156 60
411 656
91 69
301 981
585 293
532 992
148 16
684 329
968 651
880 834
40 933
838 673
220 481
851 930
687 458
732 642
276 157
676 662
469 291
155 102
675 188
812 458
124 868
699 873
674 938
716 163
397 650
467 276
346 960
529 536
560 781
634 541
50 691
569 910
601 417
600 841
106 701
136 353
60 1000
85 727
327 440
327 283
615 716
706 276
139 771
760 664
618 760
349 194
403 166
459 787
62 691
671 643
596 111
17 627
418 491
108 38
552 556
632 955
377 713
502 611
980 331
634 844
173 596
176 349
157 281
840 869
629 14
142 547
135 191
370 619
74 636
557 525
728 217
956 964
575 23
689 652
542 35
54 346
103 662
552 26
548 632
688 448
551 497
499 419
403 723
81 428
876 911
462 332
972 512
33 434
258 528
425 852
236 468
791 744
604 805
902 153
52 947
813 469
51 269
839 503
735 861
40 684
604 329
564 643
339 145
499 845
214 654
290 482
282 788
616 336
761 170
965 871
84 827
947 608
74 292
524 403
724 271
189 867
266 589
507 200
259 816
141 99
825 688
729 378
845 120
975 240
438 44
442 22
235 768
381 642
954 444
94 92
735 408
169 697
146 818
340 56
29 726
686 18
761 259
176 120
49 820
198 301
503 858
992 539
996 206
200 531
559 747
120 850
2 542
913 732
272 283
291 800
603 630
31 719
524 287
327 156
79 722
158 81
260 656
588 833
254 114
740 824
824 790
796 119
817 488
831 507
382 54
437 123
945 482
590 516
849 885
65 79
437 99
123 715
772 754
822 346
647 937
679 566
424 278
777 36
247 288
549 172
627 567
9 983
446 828
574 925
385 951
711 983
263 235
305 638
445 29
142 750
204 19
77 683
967 416
705 670
562 535
868 318
446 155
554 547
631 452
174 146
976 71
297 334
127 267
574 551
110 948
878 283
64 484
16 571
131 318
392 714
47 62
543 495
969 474
531 678
517 468
145 205
10 605
393 815
102 172
280 430
840 366
904 514
490 442
67 197
130 532
688 222
398 504
550 36
857 512
927 151
344 780
8 948
863 144
4 752
916 870
393 672
104 571
935 582
823 963
847 68
750 863
932 750
547 918
34 643
564 175
309 874
403 681
702 58
932 494
364 94
799 759
917 790
285 585
896 97
173 727
551 100
896 642
716 558
716 59
601 551
315 926
567 996
7 989
108 307
97 728
954 631
353 442
987 235
192 98
609 793
271 150
696 519
284 921
635 865
535 553
633 742
162 892
25 915
564 203
223 801
73 251
31 480
726 560
721 700
536 498
797 737
233 826
927 359
404 92
382 203
187 217
654 829
590 835
128 307
881 248
187 504
744 878
407 536
976 313
189 642
710 374
659 82
886 197
865 165
557 61
538 218
499 512
216 492
770 681
495 487
137 31
700 492
221 656
337 317
160 235
708 802
603 881
811 190
357 84
553 351
656 698
52 448
720 881
187 307
239 824
304 226
256 897
770 177
437 514
309 248
96 652
299 935
180 980
84 433
198 893
790 24
122 992
619 532
16 635
735 295
993 612
553 56
355 965
354 447
203 154
361 355
604 204
462 561
211 102
203 221
751 584
117 19
310 116
172 59
708 323
523 200
432 725
96 195
213 191
129 825
736 218
908 1
164 315
103 41
323 120
818 131
901 648
80 478
987 346
522 398
831 214
655 195
601 148
594 14
877 429
431 903
98 762
808 163
44 740
236 15
365 632
573 961
7 886
52 667
720 753
967 130
703 942
338 106
82 141
558 978
407 707
858 318
703 617
91 425
33 247
902 270
391 748
664 354
78 673
81 625
218 49
841 9
621 924
874 592
352 137
527 982
734 210
855 219
728 444
348 918
847 351
447 681
571 896
691 817
807 646
775 578
640 629
331 303
372 435
744 979
472 651
435 890
502 169
580 94
950 204
590 198
403 227
238 938
322 175
294 73
381 82
297 280
889 47
206 71
648 507
725 831
861 467
90 934
352 319
322 241
832 767
85 500
179 823
736 51
264 531
285 289
198 375
675 272
782 520
39 740
84 7
427 746
721 22
50 530
407 365
344 777
640 189
6 544
160 580
708 757
752 915
434 321
162 521
21 199
955 565
270 873
773 844
337 907
380 70
217 646
527 889
411 909
595 176
184 413
866 105
505 454
88 273
953 220
968 783
293 721
194 724
152 548
811 105
499 548
499 533
725 526
904 707
176 785
435 811
893 110
73 319
280 701
562 642
764 739
246 632
868 599
726 118
877 628
633 533
802 9
132 904
788 734
474 153
120 698
7 849
60 89
664 663
895 987
181 695
308 247
776 158
705 372
480 16
48 88
343 98
823 781
656 734
531 165
433 239
490 785
630 258
985 926
874 659
667 280
500 366
425 327
624 259
700 85
140 328
661 35
887 154
12 252
58 206
908 200
98 327
462 403
730 350
207 882
100 256
719 397
660 216
412 644
714 411
422 676
256 520
305 967
979 278
676 549
795 150
547 829
847 544
374 683
765 260
880 371
431 86
398 136
647 130
725 814
550 611
642 239
284 707
844 687
946 181
28 102
362 966
528 37
485 160
195 494
399 512
905 178
289 609
86 32
987 911
920 146
958 928
558 97
630 832
362 614
982 298
374 975
147 961
914 27
528 981
731 510
518 456
573 506
589 663
114 747
67 823
308 336
50 186
276 499
256 442
235 903
815 357
787 929
723 469
731 219
617 736
918 586
214 724
592 469
600 691
165 592
807 876
397 815
475 140
697 442
297 29
375 945
89 924
936 217
992 720
617 115
779 270
154 742
857 92
528 782
291 21
654 902
136 347
753 930
50 723
168 172
653 313
256 782
836 977
670 35
123 862
948 567
503 4
936 497
24 977
440 873
595 920
655 569
656 842
750 669
453 1000
720 927
944 243
607 342
629 303
21 15
423 236
888 850
53 705
44 738
957 985
990 675
572 998
854 349
757 138
543 908
931 731
535 48
419 516
341 65
428 385
125 908
621 1
965 391
591 655
516 554
691 348
989 352
371 452
273 731
933 380
287 520
276 584
228 387
302 117
687 997
612 786
937 359
968 789
954 309
974 47
265 975
77 742
423 982
281 21
947 355
759 788
644 681
409 66
94 600
185 164
372 719
862 189
794 144
254 38
394 567
350 271
324 193
437 863
660 111
86 28
450 599
563 70
810 152
557 993
450 410
396 287
289 601
556 638
321 101
837 640
89 809
132 508
416 655
940 80
339 141
710 876
103 858
93 406
116 519
394 771
760 10
831 932
483 714
542 460
377 988
922 63
847 157
582 1
610 140
575 292
581 547
879 369
509 967
514 653
313 594
173 887
194 129
143 296
871 462
293 766
975 714
525 101
594 961
933 98
13 273
734 57
953 135
820 462
341 545
315 813
108 913
584 310
961 565
684 617
526 906
983 317
627 928
422 376
512 932
724 836
479 75
236 836
796 857
536 715
769 260
573 451
918 998
150 687
676 139
909 446
478 532
27 526
384 505
867 654
807 471
51 862
909 811
131 467
500 758
977 716
418 701
767 182
508 524
723 563
151 240
513 207
64 997
485 240
186 180
621 861
982 308
995 46
779 856
273 574
185 308
134 615
204 816
384 1000
213 510
62 380
15 605
6 777
352 286
895 96
555 415
213 524
281 738
446 487
930 83
819 828
977 624
722 45
547 687
616 894
425 126
378 734
44 496
399 242
307 159
787 784
378 849
804 344
810 618
226 341
618 709
313 614
847 146
801 790
631 689
780 900
957 680
652 167
111 321
781 293
900 781
98 534
890 763
581 321
220 69
644 546
531 499
447 407
612 130
878 468
596 938
208 888
571 385
689 942
157 119
401 106
685 185
742 155
885 810
648 324
988 793
276 869
857 808
93 719
797 619
71 729
436 499
381 69
168 238
609 403
647 15
383 807
166 7
440 767
805 131
528 206
289 420
367 781
694 202
302 587
847 185
40 553
953 278
341 836
407 819
158 593
889 772
325 835
379 363
271 165
198 750
808 48
783 877
5 51
277 684
210 632
571 205
668 375
287 867
693 492
822 402
282 930
257 156
672 222
11 596
153 497
454 713
137 658
852 987
407 555
708 467
533 294
705 392
718 329
950 786
136 608
698 475
127 315
134 384
379 931
5 435
144 92
533 517
319 488
762 105
888 553
16 377
561 520
773 36
303 475
360 541
496 326
937 904
666 700
627 126
584 801
499 676
699 140
631 115
522 227
960 207
594 867
759 900
157 675
504 302
932 236
81 860
365 754
184 701
616 110
468 43
950 986
684 81
220 962
476 397
671 254
497 130
698 240
545 476
143 845
610 775
103 916
360 213
271 110
830 839
499 341
926 643
447 843
305 227
921 571
258 897
913 322
760 638
783 540
634 760
751 555
746 465
973 839
591 460
227 699
38 765
744 319
520 928
639 809
254 399
382 863
979 605
583 188
549 515
658 187
818 179
116 704
568 465
352 350
993 989
7 642
470 631
82 737
919 277
216 296
403 71
136 674
489 522
755 551
747 750
156 60
411 656
91 69
301 981
585 293
532 992
148 16
684 329
968 651
880 834
40 933
838 673
220 481
851 930
687 458
732 642
276 157
676 662
469 291
155 102
675 188
812 458
124 868
699 873
674 938
716 163
397 650
467 276
346 960
529 536
560 781
634 541
50 691
569 910
601 417
600 841
106 701
136 353
60 1000
85 727
327 440
327 283
615 716
706 276
139 771
760 664
618 760
349 194
403 166
459 787
62 691
671 643
596 111
17 627
418 491
108 38
552 556
632 955
377 713
502 611
980 331
634 844
173 596
176 349
157 281
840 869
629 14
142 547
135 191
370 619
74 636
557 525
728 217
956 964
575 23
689 652
542 35
54 346
103 662
552 26
548 632
688 448
551 497
499 419
403 723
81 428
876 911
462 332
972 512
33 434
258 528
425 852
236 468
791 744
604 805
902 153
52 947
813 469
51 269
839 503
735 861
40 684
604 329
564 643
339 145
499 845
214 654
290 482
282 788
616 336
761 170
965 871
84 827
947 608
74 292
524 403
724 271
189 867
266 589
507 200
259 816
141 99
825 688
729 378
845 120
975 240
438 44
442 22
235 768
381 642
954 444
94 92
735 408
169 697
146 818
340 56
29 726
686 18
761 259
176 120
49 820
198 301
503 858
992 539
996 206
200 531
559 747
120 850
2 542
913 732
272 283
291 800
603 630
31 719
524 287
327 156
79 722
158 81
260 656
588 833
254 114
740 824
824 790
796 119
817 488
831 507
382 54
437 123
945 482
590 516
849 885
65 79
437 99
123 715
772 754
822 346
647 937
679 566
424 278
777 36
247 288
549 172
627 567
9 983
446 828
574 925
385 951
711 983
263 235
305 638
445 29
142 750
204 19
77 683
967 416
705 670
562 535
868 318
446 155
554 547
631 452
174 146
976 71
297 334
127 267
574 551
110 948
878 283
64 484
16 571
131 318
392 714
47 62
543 495
969 474
531 678
517 468
145 205
10 605
393 815
102 172
280 430
840 366
904 514
490 442
67 197
130 532
688 222
398 504
550 36
857 512
927 151
344 780
8 948
863 144
4 752
916 870
393 672
104 571
935 582
823 963
847 68
750 863
932 750
547 918
34 643
564 175
309 874
403 681
702 58
932 494
364 94
799 759
917 790
285 585
896 97
173 727
551 100
896 642
716 558
716 59
601 551
315 926
567 996
7 989
108 307
97 728
954 631
353 442
987 235
192 98
609 793
271 150
696 519
284 921
635 865
535 553
633 742
162 892
25 915
564 203
223 801
73 251
31 480
726 560
721 700
536 498
797 737
233 826
927 359
404 92
382 203
187 217
654 829
590 835
128 307
881 248
187 504
744 878
407 536
976 313
189 642
710 374
659 82
886 197
865 165
557 61
538 218
499 512
216 492
770 681
495 487
137 31
700 492
221 656
337 317
160 235
708 802
603 881
811 190
357 84
553 351
656 698
52 448
720 881
187 307
239 824
304 226
256 897
770 177
437 514
309 248
96 652
299 935
180 980
84 433
198 893
790 24
122 992
619 532
16 635
735 295
993 612
553 56
355 965
354 447
203 154
361 355
604 204
462 561
211 102
203 221
751 584
117 19
310 116
172 59
708 323
523 200
432 725
96 195
213 191
129 825
736 218
908 1
164 315
103 41
323 120
818 131
901 648
80 478
987 346
522 398
831 214
655 195
601 148
594 14
877 429
431 903
98 762
808 163
44 740
236 15
365 632
573 961
7 886
52 667
720 753
967 130
703 942
338 106
82 141
558 978
407 707
858 318
703 617
91 425
33 247
902 270
391 748
664 354
78 673
81 625
218 49
841 9
621 924
874 592
352 137
527 982
734 210
855 219
728 444
348 918
847 351
447 681
571 896
691 817
807 646
775 578
640 629
331 303
372 435
744 979
472 651
435 890
502 169
580 94
950 204
590 198
403 227
238 938
322 175
294 73
381 82
297 280
889 47
206 71
648 507
725 831
861 467
90 934
352 319
322 241
832 767
85 500
179 823
736 51
264 531
285 289
198 375
675 272
782 520
39 740
84 7
427 746
721 22
50 530
407 365
344 777
640 189
6 544
160 580
708 757
752 915
434 321
162 521
21 199
955 565
270 873
773 844
337 907
380 70
217 646
527 889
411 909
595 176
184 413
866 105
505 454
88 273
953 220
968 783
293 721
194 724
152 548
811 105
499 548
499 533
725 526
904 707
176 785
435 811
893 110
73 319
280 701
562 642
764 739
246 632
868 599
726 118
877 628
633 533
802 9
132 904
788 734
474 153
120 698
7 849
60 89
664 663
895 987
181 695
308 247
776 158
705 372
480 16
48 88
343 98
823 781
656 734
531 165
433 239
490 785
630 258
985 926
874 659
667 280
500 366
425 327
624 259
700 85
140 328
661 35
887 154
12 252
58 206
908 200
98 327
462 403
730 350
207 882
100 256
719 397
660 216
412 644
714 411
422 676
256 520
305 967
979 278
676 549
795 150
547 829
847 544
374 683
765 260
880 371
431 86
398 136
647 130
725 814
550 611
642 239
284 707
844 687
946 181
28 102
362 966
528 37
485 160
195 494
399 512
905 178
289 609
86 32
987 911
920 146
958 928
558 97
630 832
362 614
982 298
374 975
147 961
914 27
528 981
731 510
518 456
573 506
589 663
114 747
67 823
308 336
50 186
276 499
256 442
235 903
815 357
787 929
723 469
731 219
617 736
918 586
214 724
592 469
600 691
165 592
807 876
397 815
475 140
697 442
297 29
375 945
89 924
936 217
992 720
617 115
779 270
154 742
857 92
528 782
291 21
654 902
136 347
753 930
50 723
168 172
653 313
256 782
836 977
670 35
123 862
948 567
503 4
936 497
24 977
440 873
595 920
655 569
656 842
750 669
453 1000
720 927
944 243
607 342
629 303
21 15
423 236
888 850
53 705
44 738
957 985
990 675
572 998
854 349
757 138
543 908
931 731
535 48
419 516
341 65
428 385
125 908
621 1
965 391
591 655
516 554
691 348
989 352
371 452
273 731
933 380
287 520
276 584
228 387
302 117
687 997
612 786
937 359
968 789
954 309
974 47
265 975
77 742
423 982
281 21
947 355
759 788
644 681
409 66
94 600
185 164
372 719
862 189
794 144
254 38
394 567
350 271
324 193
437 863
660 111
86 28
450 599
563 70
810 152
557 993
450 410
396 287
289 601
556 638
321 101
837 640
89 809
132 508
416 655
940 80
339 141
710 876
103 858
93 406
116 519
394 771
760 10
831 932