9

12 14 3
1 2 3 4 5 6 7 8 9 10 11 12
50 60 70
2 3
3 5
3 4
4 5
4 2
2 1
1 7
7 6
6 2
6 8
6 9
8 9
9 10
11 12

14 16 12
1 2 3 4 5 6 7 8 9 10 11 12 13 14
1 8 40 9 7 10 5 27 30 50 99 100
1 2
2 3
3 4
4 5
5 6
6 3
6 7
7 8
7 2
2 9
1 10
10 11
11 12
12 13
13 14
14 11

6 15 4
1 2 3 4 5 6
20 21 22 23
1 2
1 3
1 4
1 5
1 6
2 3
2 4
2 5
2 6
3 4
3 5
3 6
4 5
4 6
5 6

12 13 7
1 2 3 4 5 6 7 8 9 10 11 12
1 2 3 4 5 6 999
1 2
2 4
4 3
4 5
5 6
6 4
4 7
7 8
7 9
9 10
10 11
11 12
12 7

6 7 3
5 4 8 1 2 6
10 14 9
1 2
2 3
3 1
3 4
4 5
3 5
5 6

4 3 1
5 4 8 1
10
1 2
2 3
3 1

5 6 2
3 4 5 6 7
3 5
1 2
2 3
2 4
4 3
3 5
5 2

4 4 2
3 4 5 6
2 4
1 2
2 3
3 4
2 4

4 3 2
5 4 8 1
10 3
1 2
2 3
3 1

Buzz Mission 1: 6 No
Buzz Mission 2: 6 0
Buzz Mission 3: 1 0
Buzz Mission 4: 6 43
Buzz Mission 5: 3 3
Buzz Mission 6: 2 No
Buzz Mission 7: 2 17
Buzz Mission 8: 2 11
Buzz Mission 9: 2 7