1

100 500
80 44
100 56
27 43
82 29
33 34
36 36
66 67
76 69
74 24
17 81
66 68
90 60
91 23
88 88
74 25
36 43
38 48
57 24
54 11
64 51
75 18
86 15
66 37
41 84
81 7
11 98
20 65
71 94
28 84
33 18
68 28
87 58
67 43
40 40
63 71
13 93
69 85
77 67
48 14
73 33
87 59
80 2
28 33
98 17
99 64
74 76
34 89
38 19
17 32
9 60
18 5
1 18
23 76
80 50
91 50
33 18
16 75
79 97
85 34
52 80
31 65
48 73
73 59
70 11
49 16
42 39
85 78
35 86
44 37
79 85
16 14
61 78
27 10
63 62
96 74
11 41
56 94
14 57
44 91
11 52
83 7
99 68
9 11
38 92
18 14
91 27
57 82
63 73
22 31
65 96
30 80
99 2
48 11
57 84
50 18
74 60
29 2
41 44
87 7
7 34
15 67
4 66
1 8
58 54
21 54
36 60
24 21
89 15
100 74
1 70
56 82
13 59
33 54
66 60
88 42
49 76
38 81
76 87
20 96
66 35
92 39
92 74
7 60
48 8
57 44
74 54
69 30
9 32
93 59
17 94
10 73
12 9
84 62
89 61
22 90
84 75
29 59
80 60
29 90
24 81
26 49
81 85
59 50
76 94
90 32
45 74
65 57
95 65
35 77
53 27
15 7
7 41
68 70
40 48
47 85
60 27
18 35
62 44
40 84
11 71
85 73
26 76
64 16
41 58
85 24
98 62
63 50
3 6
11 38
54 22
6 11
80 25
88 9
46 61
52 94
91 72
88 79
93 98
32 24
70 66
44 33
22 14
26 88
99 44
16 40
19 47
97 65
68 28
94 55
60 46
89 80
100 64
44 48
90 86
8 48
90 97
16 91
78 59
8 66
7 40
90 76
95 87
18 89
40 60
74 16
84 59
26 56
90 9
31 1
4 4
21 95
24 27
64 93
88 96
86 53
62 16
96 13
36 5
39 52
20 34
58 10
67 40
1 72
58 36
55 40
29 98
97 25
65 24
77 94
72 74
56 66
39 63
68 95
7 36
45 70
91 51
51 19
20 40
55 2
46 95
49 47
91 38
15 48
81 18
39 55
8 5
4 80
36 6
45 22
49 54
84 64
82 21
31 86
40 8
56 5
16 59
95 74
18 89
16 65
47 60
99 97
98 64
7 78
27 10
53 25
95 50
12 62
18 80
5 100
19 47
42 59
94 30
14 50
64 3
79 100
12 59
17 80
6 11
89 20
92 86
92 94
74 59
44 28
99 19
92 70
73 89
98 62
13 96
18 40
33 17
31 20
88 83
32 51
33 41
20 84
17 70
62 11
34 89
32 97
76 67
41 65
24 34
98 41
10 90
45 88
7 46
54 24
82 46
93 51
7 7
54 34
57 17
86 35
59 43
61 54
50 81
94 14
79 18
100 35
18 87
85 65
89 32
93 40
24 63
58 36
94 83
73 18
100 60
33 42
19 93
26 69
91 87
46 57
68 21
55 19
29 55
32 53
4 27
21 97
50 93
89 34
10 92
41 18
48 53
13 12
84 31
36 75
100 46
43 9
71 76
18 98
58 54
11 29
30 57
2 25
3 95
16 58
58 88
50 39
30 70
43 75
64 14
29 32
23 93
93 21
91 71
35 59
77 73
56 35
81 82
74 93
91 99
24 100
17 92
10 6
89 21
16 12
65 66
10 96
49 72
91 94
24 16
56 50
14 99
97 51
64 93
42 14
48 83
46 42
25 33
16 17
22 25
30 100
66 36
12 31
53 70
56 33
46 50
98 37
10 28
7 22
48 65
21 4
58 6
38 37
83 6
87 91
58 57
37 90
19 68
23 65
65 78
80 46
95 8
68 28
11 83
58 73
74 74
55 73
25 100
72 12
51 60
67 8
33 75
82 82
75 52
70 17
46 54
15 48
21 49
17 62
5 64
98 7
57 88
29 71
31 98
64 15
18 85
93 75
55 11
97 53
31 7
23 51
9 77
98 45
4 82
2 69
89 83
88 52
25 42
97 13
76 9
54 23
51 32
11 44
52 27
34 22
71 72
32 26
80 82
85 38
32 50
41 39
63 32
4 39
28 21
15 84
2 44
42 51
61 94
38 47
84 94
37 92
9 71
63 92
14 84
42 32
47 8
69 59
69 59
93 32
50 5
77 19
88 24
20 97
86 96
99 7
41 65
23 48
4 67
77 8
32 5
48 98
39 47
1 55
23 8
77 97
71 36
17 81
82 99


100 500
80 44
100 56
27 43
82 29
33 34
36 36
66 67
76 69
74 24
17 81
66 68
90 60
91 23
88 88
74 25
36 43
38 48
57 24
54 11
64 51
75 18
86 15
66 37
41 84
81 7
11 98
20 65
71 94
28 84
33 18
68 28
87 58
67 43
40 40
63 71
13 93
69 85
77 67
48 14
73 33
87 59
80 2
28 33
98 17
99 64
74 76
34 89
38 19
17 32
9 60
18 5
1 18
23 76
80 50
91 50
33 18
16 75
79 97
85 34
52 80
31 65
48 73
73 59
70 11
49 16
42 39
85 78
35 86
44 37
79 85
16 14
61 78
27 10
63 62
96 74
11 41
56 94
14 57
44 91
11 52
83 7
99 68
9 11
38 92
18 14
91 27
57 82
63 73
22 31
65 96
30 80
99 2
48 11
57 84
50 18
74 60
29 2
41 44
87 7
7 34
15 67
4 66
1 8
58 54
21 54
36 60
24 21
89 15
100 74
1 70
56 82
13 59
33 54
66 60
88 42
49 76
38 81
76 87
20 96
66 35
92 39
92 74
7 60
48 8
57 44
74 54
69 30
9 32
93 59
17 94
10 73
12 9
84 62
89 61
22 90
84 75
29 59
80 60
29 90
24 81
26 49
81 85
59 50
76 94
90 32
45 74
65 57
95 65
35 77
53 27
15 7
7 41
68 70
40 48
47 85
60 27
18 35
62 44
40 84
11 71
85 73
26 76
64 16
41 58
85 24
98 62
63 50
3 6
11 38
54 22
6 11
80 25
88 9
46 61
52 94
91 72
88 79
93 98
32 24
70 66
44 33
22 14
26 88
99 44
16 40
19 47
97 65
68 28
94 55
60 46
89 80
100 64
44 48
90 86
8 48
90 97
16 91
78 59
8 66
7 40
90 76
95 87
18 89
40 60
74 16
84 59
26 56
90 9
31 1
4 4
21 95
24 27
64 93
88 96
86 53
62 16
96 13
36 5
39 52
20 34
58 10
67 40
1 72
58 36
55 40
29 98
97 25
65 24
77 94
72 74
56 66
39 63
68 95
7 36
45 70
91 51
51 19
20 40
55 2
46 95
49 47
91 38
15 48
81 18
39 55
8 5
4 80
36 6
45 22
49 54
84 64
82 21
31 86
40 8
56 5
16 59
95 74
18 89
16 65
47 60
99 97
98 64
7 78
27 10
53 25
95 50
12 62
18 80
5 100
19 47
42 59
94 30
14 50
64 3
79 100
12 59
17 80
6 11
89 20
92 86
92 94
74 59
44 28
99 19
92 70
73 89
98 62
13 96
18 40
33 17
31 20
88 83
32 51
33 41
20 84
17 70
62 11
34 89
32 97
76 67
41 65
24 34
98 41
10 90
45 88
7 46
54 24
82 46
93 51
7 7
54 34
57 17
86 35
59 43
61 54
50 81
94 14
79 18
100 35
18 87
85 65
89 32
93 40
24 63
58 36
94 83
73 18
100 60
33 42
19 93
26 69
91 87
46 57
68 21
55 19
29 55
32 53
4 27
21 97
50 93
89 34
10 92
41 18
48 53
13 12
84 31
36 75
100 46
43 9
71 76
18 98
58 54
11 29
30 57
2 25
3 95
16 58
58 88
50 39
30 70
43 75
64 14
29 32
23 93
93 21
91 71
35 59
77 73
56 35
81 82
74 93
91 99
24 100
17 92
10 6
89 21
16 12
65 66
10 96
49 72
91 94
24 16
56 50
14 99
97 51
64 93
42 14
48 83
46 42
25 33
16 17
22 25
30 100
66 36
12 31
53 70
56 33
46 50
98 37
10 28
7 22
48 65
21 4
58 6
38 37
83 6
87 91
58 57
37 90
19 68
23 65
65 78
80 46
95 8
68 28
11 83
58 73
74 74
55 73
25 100
72 12
51 60
67 8
33 75
82 82
75 52
70 17
46 54
15 48
21 49
17 62
5 64
98 7
57 88
29 71
31 98
64 15
18 85
93 75
55 11
97 53
31 7
23 51
9 77
98 45
4 82
2 69
89 83
88 52
25 42
97 13
76 9
54 23
51 32
11 44
52 27
34 22
71 72
32 26
80 82
85 38
32 50
41 39
63 32
4 39
28 21
15 84
2 44
42 51
61 94
38 47
84 94
37 92
9 71
63 92
14 84
42 32
47 8
69 59
69 59
93 32
50 5
77 19
88 24
20 97
86 96
99 7
41 65
23 48
4 67
77 8
32 5
48 98
39 47
1 55
23 8
77 97
71 36
17 81
82 99